t # 0
v 0 0
v 1 0
v 2 0
v 3 1
v 4 1
v 5 2
v 6 0
v 7 3
v 8 4
v 9 0
v 10 0
v 11 0
v 12 0
v 13 4
v 14 4
v 15 0
v 16 0
v 17 0
v 18 0
v 19 4
v 20 0
v 21 4
v 22 0
v 23 0
v 24 0
v 25 4
v 26 4
v 27 0
v 28 0
v 29 0
v 30 0
v 31 0
v 32 0
v 33 0
v 34 0
v 35 0
v 36 0
v 37 0
v 38 0
v 39 0
v 40 0
v 41 5
v 42 0
v 43 0
v 44 0
v 45 0
v 46 0
v 47 0
v 48 4
v 49 4
v 50 0
v 51 0
v 52 0
v 53 0
v 54 0
v 55 0
v 56 0
v 57 0
v 58 0
v 59 0
v 60 0
v 61 0
v 62 0
v 63 0
e 0 1 0
e 0 2 0
e 0 3 1
e 0 4 2
e 3 5 0
e 3 6 0
e 5 7 1
e 8 1 0
e 8 9 1
e 8 10 1
e 2 11 1
e 2 12 1
e 13 2 0
e 14 2 0
e 15 2 0
e 15 16 1
e 15 17 1
e 15 18 1
e 15 19 1
e 18 20 2
e 21 18 0
e 22 18 0
e 23 18 0
e 20 24 2
e 25 20 0
e 26 20 0
e 27 20 0
e 24 28 2
e 29 30 0
e 29 24 0
e 30 24 0
e 28 31 0
e 28 32 2
e 33 28 2
e 32 34 2
e 35 32 0
e 36 32 0
e 34 37 2
e 38 34 0
e 39 34 0
e 37 40 2
e 37 41 3
e 41 37 4
e 41 42 2
e 40 43 0
e 40 44 0
e 40 45 0
e 46 43 0
e 43 47 0
e 48 44 0
e 45 49 1
e 45 50 0
e 51 50 0
e 49 52 0
e 49 53 0
e 49 54 0
e 54 53 2
e 52 55 2
e 52 56 2
e 56 57 1
e 56 58 1
e 56 59 5
e 58 60 2
e 61 58 0
e 62 60 0
e 63 60 2
t # 1
v 0 2
v 1 0
v 2 0
v 3 0
v 4 0
v 5 4
v 6 4
v 7 0
v 8 0
v 9 0
v 10 0
v 11 0
v 12 0
v 13 0
v 14 0
v 15 5
v 16 0
v 17 0
v 18 4
v 19 0
v 20 0
v 21 0
v 22 0
v 23 0
v 24 0
v 25 4
v 26 0
v 27 0
v 28 0
v 29 4
v 30 0
v 31 0
v 32 5
v 33 0
v 34 0
v 35 6
v 36 0
v 37 0
v 38 0
v 39 4
v 40 0
v 41 4
v 42 0
v 43 0
v 44 0
v 45 4
v 46 5
v 47 0
v 48 0
v 49 0
v 50 0
v 51 0
e 0 1 0
e 1 2 1
e 3 1 0
e 4 1 0
e 5 1 0
e 6 1 0
e 7 1 2
e 2 8 1
e 2 9 1
e 2 10 1
e 9 11 1
e 9 12 0
e 11 13 1
e 11 14 1
e 11 15 1
e 15 16 6
e 16 15 7
e 14 17 2
e 14 18 1
e 14 19 1
e 20 14 0
e 20 21 5
e 17 22 1
e 17 23 2
e 17 24 1
e 23 25 1
e 23 26 1
e 26 27 2
e 28 27 0
e 28 29 1
e 30 27 0
e 18 31 2
e 18 32 7
e 32 18 8
e 32 33 5
e 32 34 1
e 34 35 1
e 34 36 2
e 37 34 0
e 37 38 0
e 39 34 0
e 40 34 0
e 41 34 0
e 35 42 1
e 36 43 1
e 36 44 1
e 36 45 1
e 36 46 1
e 46 47 8
e 46 48 8
e 47 46 3
e 48 46 3
e 43 49 1
e 45 50 5
e 51 45 2
t # 2
v 0 0
v 1 2
v 2 0
v 3 2
v 4 2
v 5 7
v 6 5
v 7 7
v 8 2
v 9 0
v 10 0
v 11 0
v 12 4
v 13 0
v 14 0
v 15 0
v 16 0
v 17 4
v 18 0
v 19 0
v 20 0
v 21 0
v 22 0
v 23 4
v 24 0
v 25 4
v 26 0
v 27 0
v 28 0
v 29 0
v 30 0
v 31 0
v 32 0
v 33 0
v 34 0
v 35 4
v 36 0
v 37 0
v 38 0
v 39 4
v 40 0
v 41 0
v 42 0
v 43 0
v 44 0
v 45 0
v 46 3
v 47 3
v 48 3
v 49 8
e 0 1 1
e 0 2 2
e 0 3 1
e 0 4 1
e 5 0 0
e 6 5 4
e 7 5 1
e 8 7 1
e 2 9 0
e 2 10 2
e 2 11 0
e 12 2 0
e 13 2 0
e 10 14 2
e 15 10 0
e 14 16 2
e 17 14 0
e 18 14 0
e 19 18 5
e 16 20 2
e 21 16 0
e 22 21 5
e 23 16 0
e 24 16 1
e 25 16 1
e 26 16 1
e 20 27 2
e 28 20 0
e 27 29 2
e 30 27 0
e 29 31 0
e 29 32 0
e 29 33 0
e 32 34 0
e 35 32 0
e 34 36 5
e 31 37 0
e 31 38 2
e 39 31 0
e 38 40 2
e 41 38 0
e 42 43 1
e 42 38 0
e 40 44 2
e 40 45 0
e 46 4 3
e 47 5 3
e 48 8 3
e 49 44 0
t # 3
v 0 0
v 1 4
v 2 4
v 3 0
v 4 0
v 5 0
v 6 3
v 7 0
v 8 0
v 9 4
v 10 3
v 11 0
v 12 4
v 13 0
v 14 0
v 15 0
v 16 0
v 17 0
v 18 0
v 19 0
v 20 4
v 21 0
v 22 4
v 23 0
v 24 0
v 25 0
v 26 0
v 27 0
v 28 0
v 29 0
v 30 4
v 31 4
v 32 0
v 33 0
v 34 0
v 35 4
v 36 0
v 37 0
v 38 0
v 39 0
v 40 0
v 41 0
v 42 0
v 43 0
v 44 0
v 45 4
v 46 4
v 47 8
v 48 8
v 49 8
v 50 0
v 51 3
v 52 3
v 53 3
e 0 1 0
e 0 2 0
e 0 3 0
e 0 4 1
e 3 5 0
e 5 6 5
e 1 2 1
e 7 8 0
e 9 7 0
e 9 10 5
e 8 11 0
e 12 8 0
e 12 13 0
e 13 14 5
e 13 15 5
e 13 16 5
e 11 17 2
e 11 18 0
e 11 19 2
e 18 20 0
e 21 19 1
e 22 17 0
e 22 23 1
e 23 17 0
e 17 24 1
e 17 25 5
e 17 26 0
e 27 24 0
e 24 28 2
e 24 29 2
e 30 24 0
e 31 29 0
e 28 32 2
e 28 33 2
e 34 32 0
e 35 32 0
e 36 32 2
e 37 33 7
e 33 38 2
e 39 33 3
e 40 38 0
e 41 38 0
e 42 38 0
e 43 38 0
e 38 44 1
e 45 38 0
e 46 44 0
e 47 48 0
e 47 4 0
e 48 49 2
e 48 50 1
e 51 50 5
e 49 7 0
e 52 17 5
e 53 28 5
t # 4
v 0 0
v 1 2
v 2 6
v 3 0
v 4 0
v 5 4
v 6 0
v 7 0
v 8 4
v 9 0
v 10 6
v 11 0
v 12 0
v 13 0
v 14 0
v 15 4
v 16 4
v 17 0
v 18 0
v 19 0
v 20 0
v 21 0
v 22 0
v 23 0
v 24 0
v 25 0
v 26 0
v 27 0
v 28 0
v 29 0
v 30 0
v 31 0
v 32 0
v 33 0
v 34 0
v 35 9
v 36 0
v 37 0
v 38 0
v 39 0
v 40 0
v 41 0
v 42 0
v 43 0
v 44 4
v 45 0
v 46 0
v 47 9
v 48 0
v 49 0
v 50 10
v 51 0
v 52 10
v 53 0
v 54 0
v 55 0
v 56 0
v 57 8
v 58 0
v 59 6
v 60 0
v 61 0
v 62 0
v 63 4
v 64 0
v 65 0
v 66 0
v 67 0
v 68 0
v 69 0
v 70 0
v 71 0
v 72 0
v 73 0
v 74 0
v 75 0
v 76 5
v 77 0
v 78 5
v 79 4
v 80 4
v 81 0
v 82 11
v 83 0
v 84 3
v 85 8
v 86 3
e 0 1 1
e 0 2 2
e 0 3 2
e 4 0 0
e 4 3 0
e 5 0 0
e 5 3 0
e 6 0 0
e 6 3 0
e 2 7 2
e 8 2 0
e 7 9 2
e 7 10 0
e 11 7 0
e 12 7 0
e 13 10 0
e 14 10 0
e 15 16 1
e 15 10 0
e 15 17 1
e 16 18 0
e 19 18 5
e 20 21 1
e 20 22 5
e 20 7 0
e 20 23 5
e 21 24 5
e 25 7 0
e 25 26 5
e 9 27 0
e 9 28 2
e 29 9 1
e 27 30 1
e 28 31 2
e 28 32 2
e 28 33 2
e 32 31 2
e 34 28 1
e 34 32 1
e 34 31 1
e 35 36 0
e 35 33 0
e 36 33 2
e 33 37 2
e 38 33 2
e 39 40 0
e 39 38 0
e 37 41 2
e 41 42 2
e 41 43 0
e 44 41 0
e 42 45 2
e 42 46 0
e 47 46 1
e 47 42 1
e 48 42 1
e 49 42 0
e 50 45 0
e 45 51 2
e 52 45 0
e 53 45 0
e 51 54 2
e 54 55 0
e 54 56 0
e 54 57 2
e 58 59 0
e 60 59 0
e 61 59 0
e 62 59 0
e 63 59 0
e 64 65 2
e 66 64 0
e 67 64 0
e 68 65 1
e 69 70 1
e 70 71 2
e 72 71 3
e 71 73 2
e 73 74 1
e 73 75 5
e 73 76 1
e 73 77 2
e 73 78 1
e 76 79 6
e 76 80 6
e 79 76 7
e 79 81 7
e 80 73 7
e 77 82 2
e 77 83 0
e 82 84 5
e 85 0 0
e 86 6 3
e 86 4 3
e 86 5 3
e 57 64 0
e 57 70 0
e 57 58 0
e 57 59 0
t # 5
v 0 2
v 1 0
v 2 0
v 3 0
v 4 0
v 5 0
v 6 0
v 7 0
v 8 0
v 9 0
v 10 0
v 11 0
v 12 0
v 13 8
v 14 0
v 15 0
v 16 0
v 17 4
v 18 4
v 19 0
v 20 4
v 21 0
v 22 0
v 23 0
v 24 0
v 25 0
v 26 0
v 27 0
v 28 0
v 29 5
v 30 0
v 31 6
v 32 0
v 33 0
v 34 4
v 35 0
v 36 0
v 37 0
v 38 0
v 39 0
v 40 0
v 41 0
v 42 6
v 43 0
v 44 0
v 45 0
v 46 0
v 47 0
e 0 1 1
e 1 2 1
e 1 3 1
e 1 4 1
e 4 5 0
e 4 6 1
e 4 7 2
e 8 4 0
e 6 9 1
e 6 10 1
e 6 11 1
e 10 12 1
e 10 13 3
e 9 14 1
e 9 15 1
e 9 16 1
e 7 17 1
e 7 18 1
e 7 19 0
e 7 20 1
e 21 7 0
e 22 7 0
e 23 7 0
e 23 24 5
e 23 25 5
e 26 7 0
e 19 27 1
e 19 28 2
e 29 30 6
e 29 19 0
e 30 29 7
e 27 31 1
e 28 32 2
e 33 34 0
e 33 28 0
e 32 35 0
e 32 36 2
e 32 37 0
e 38 32 0
e 39 37 0
e 36 40 1
e 36 41 1
e 36 42 2
e 42 43 1
e 42 44 1
e 42 45 1
e 42 46 1
e 45 47 2
t # 6
v 0 4
v 1 0
v 2 8
v 3 0
v 4 4
v 5 4
v 6 0
v 7 4
v 8 4
v 9 0
v 10 4
v 11 0
v 12 0
v 13 0
v 14 0
v 15 0
v 16 0
v 17 6
v 18 0
v 19 0
v 20 0
v 21 8
v 22 0
v 23 0
v 24 0
v 25 4
v 26 0
v 27 0
v 28 0
v 29 0
v 30 0
v 31 4
v 32 0
v 33 0
v 34 0
v 35 0
v 36 0
v 37 0
v 38 0
v 39 0
v 40 0
v 41 0
v 42 0
v 43 0
v 44 0
v 45 0
v 46 0
v 47 0
v 48 3
v 49 0
v 50 0
v 51 0
v 52 0
v 53 8
v 54 0
v 55 6
v 56 0
v 57 0
v 58 0
v 59 0
v 60 0
v 61 0
v 62 0
v 63 0
v 64 0
v 65 12
e 0 1 0
e 0 2 0
e 0 3 1
e 0 4 1
e 4 2 0
e 5 6 0
e 7 6 0
e 8 9 0
e 10 11 0
e 1 12 2
e 13 1 0
e 13 14 5
e 15 1 0
e 12 16 2
e 12 17 7
e 18 12 0
e 18 19 1
e 19 17 0
e 16 20 2
e 20 21 0
e 20 22 1
e 6 23 2
e 22 24 1
e 22 25 1
e 22 26 0
e 26 9 2
e 27 26 0
e 28 26 0
e 29 30 1
e 29 26 0
e 29 31 1
e 30 32 1
e 30 33 1
e 9 11 2
e 34 9 0
e 35 9 0
e 35 36 1
e 37 9 0
e 36 38 1
e 11 39 2
e 40 11 1
e 41 11 1
e 39 42 2
e 39 43 5
e 39 44 2
e 42 43 5
e 45 42 0
e 45 39 0
e 44 46 2
e 47 44 0
e 46 48 5
e 46 49 2
e 46 50 5
e 46 51 2
e 49 52 0
e 49 53 0
e 49 54 5
e 49 55 0
e 56 55 0
e 57 55 0
e 58 55 0
e 52 59 1
e 52 60 0
e 52 61 1
e 52 62 1
e 59 63 5
e 62 64 0
e 21 6 0
e 65 30 0
t # 7
v 0 0
v 1 0
v 2 2
v 3 2
v 4 0
v 5 2
v 6 0
v 7 0
v 8 0
v 9 0
v 10 0
v 11 6
v 12 0
v 13 6
v 14 0
v 15 0
v 16 0
v 17 0
v 18 4
v 19 0
v 20 0
v 21 0
v 22 0
v 23 0
v 24 0
v 25 0
v 26 0
v 27 0
v 28 0
v 29 4
v 30 4
v 31 4
v 32 0
v 33 0
v 34 4
v 35 0
v 36 0
v 37 0
v 38 0
v 39 0
v 40 0
v 41 0
v 42 0
v 43 0
v 44 0
v 45 0
v 46 0
v 47 4
e 0 1 5
e 2 3 0
e 3 4 1
e 3 0 1
e 3 5 1
e 4 6 2
e 4 7 0
e 6 8 1
e 6 9 2
e 8 10 1
e 11 6 1
e 12 11 1
e 13 6 1
e 14 13 0
e 9 15 0
e 9 16 2
e 9 17 0
e 18 9 0
e 19 20 1
e 19 9 0
e 19 21 1
e 22 9 0
e 22 23 1
e 24 15 0
e 24 17 0
e 16 25 2
e 16 26 2
e 27 16 1
e 28 25 2
e 29 28 0
e 30 28 0
e 31 25 0
e 26 32 2
e 26 33 2
e 34 35 0
e 34 26 0
e 34 36 5
e 34 37 5
e 38 35 2
e 33 39 5
e 40 33 1
e 32 41 2
e 32 42 2
e 32 43 2
e 41 44 5
e 41 45 2
e 46 45 0
e 47 46 5
t # 8
v 0 0
v 1 0
v 2 1
v 3 0
v 4 4
v 5 0
v 6 0
v 7 4
v 8 0
v 9 0
v 10 0
v 11 6
v 12 0
v 13 0
v 14 0
v 15 0
v 16 0
v 17 0
v 18 0
v 19 4
v 20 0
v 21 0
v 22 0
v 23 0
v 24 0
v 25 0
v 26 0
v 27 0
v 28 5
v 29 0
v 30 4
v 31 0
v 32 0
v 33 0
v 34 0
v 35 0
v 36 0
v 37 0
v 38 0
v 39 0
v 40 0
v 41 0
v 42 5
v 43 0
v 44 0
v 45 0
v 46 0
v 47 0
v 48 0
v 49 0
v 50 0
v 51 0
v 52 0
v 53 0
v 54 0
v 55 0
v 56 0
v 57 0
v 58 3
v 59 0
v 60 0
v 61 0
v 62 0
v 63 0
v 64 0
v 65 4
v 66 13
v 67 13
v 68 13
v 69 13
v 70 3
v 71 13
e 0 1 2
e 0 2 1
e 3 4 0
e 3 0 3
e 3 5 0
e 6 0 3
e 7 8 0
e 7 6 3
e 9 1 2
e 10 11 0
e 10 12 1
e 10 13 2
e 10 1 2
e 13 14 2
e 15 13 0
e 16 13 0
e 17 13 0
e 18 13 0
e 14 19 0
e 14 20 0
e 19 21 1
e 19 22 5
e 23 24 0
e 23 25 0
e 23 26 1
e 23 27 0
e 23 19 0
e 23 28 0
e 23 29 5
e 23 30 0
e 24 31 5
e 28 32 9
e 28 33 1
e 28 34 1
e 35 36 2
e 35 33 5
e 36 33 3
e 33 37 1
e 33 38 2
e 38 39 5
e 38 40 0
e 38 41 0
e 42 43 6
e 43 42 7
e 41 44 1
e 41 45 2
e 46 41 2
e 47 41 0
e 48 41 0
e 49 41 0
e 50 41 0
e 45 51 2
e 45 52 0
e 45 53 0
e 45 54 1
e 55 45 1
e 56 54 1
e 53 57 5
e 57 58 5
e 51 59 0
e 51 60 1
e 61 51 0
e 60 62 5
e 60 63 5
e 60 64 1
e 65 64 2
e 66 10 0
e 67 13 0
e 68 14 0
e 69 37 0
e 70 40 7
e 70 42 3
e 71 65 0
t # 9
v 0 2
v 1 0
v 2 0
v 3 0
v 4 3
v 5 0
v 6 3
v 7 0
v 8 0
v 9 2
v 10 4
v 11 0
v 12 0
v 13 4
v 14 4
v 15 0
v 16 0
v 17 0
v 18 4
v 19 0
e 0 1 0
e 0 2 1
e 0 3 0
e 0 4 5
e 5 0 0
e 1 3 2
e 2 6 5
e 2 7 0
e 2 8 0
e 2 9 5
e 2 10 5
e 11 7 0
e 12 7 0
e 13 7 0
e 14 7 0
e 8 15 2
e 16 8 0
e 15 17 0
e 18 15 0
e 19 17 0
t # 10
v 0 11
v 1 2
v 2 0
v 3 0
v 4 0
v 5 0
v 6 4
v 7 0
v 8 0
v 9 0
v 10 0
v 11 0
v 12 4
v 13 0
v 14 0
v 15 0
v 16 0
v 17 4
v 18 0
v 19 0
v 20 0
v 21 0
v 22 0
v 23 3
v 24 0
e 0 1 1
e 2 0 1
e 3 0 2
e 4 0 2
e 4 5 2
e 5 6 1
e 7 5 2
e 8 5 2
e 9 5 2
e 10 5 2
e 6 11 5
e 6 12 1
e 6 13 1
e 13 14 1
e 15 13 5
e 14 16 1
e 17 18 1
e 17 14 0
e 17 19 1
e 16 20 1
e 21 16 0
e 22 20 5
e 23 4 3
e 23 24 7
t # 11
v 0 0
v 1 0
v 2 2
v 3 0
v 4 0
v 5 0
v 6 0
v 7 0
v 8 0
v 9 0
v 10 0
v 11 0
v 12 0
v 13 0
v 14 0
v 15 0
v 16 0
v 17 0
v 18 0
v 19 0
v 20 0
v 21 0
v 22 0
v 23 0
v 24 0
v 25 0
v 26 0
v 27 0
v 28 0
v 29 0
v 30 0
v 31 4
v 32 0
v 33 0
v 34 4
v 35 4
v 36 4
v 37 0
v 38 0
v 39 0
v 40 0
v 41 0
v 42 0
v 43 0
v 44 0
v 45 0
v 46 0
v 47 0
v 48 0
v 49 0
v 50 4
v 51 3
v 52 3
v 53 8
e 0 1 0
e 1 2 1
e 1 3 2
e 4 1 0
e 5 4 0
e 5 1 0
e 3 6 2
e 7 3 0
e 8 3 1
e 9 3 0
e 10 3 0
e 11 3 0
e 12 3 0
e 13 3 0
e 14 3 0
e 15 3 1
e 6 16 2
e 17 6 0
e 16 18 0
e 16 19 2
e 19 20 2
e 19 21 2
e 19 22 2
e 19 23 2
e 19 24 2
e 21 25 0
e 21 26 0
e 26 25 2
e 24 27 2
e 28 24 3
e 28 29 5
e 27 30 2
e 31 27 0
e 32 27 0
e 30 33 2
e 34 30 0
e 35 30 0
e 36 30 0
e 33 37 0
e 33 38 2
e 33 39 0
e 33 40 0
e 33 41 0
e 33 42 0
e 43 38 2
e 38 44 1
e 38 45 2
e 38 46 0
e 47 38 0
e 45 48 2
e 49 45 0
e 50 45 0
e 51 43 3
e 51 38 7
e 52 45 7
e 53 48 0
t # 12
v 0 0
v 1 0
v 2 0
v 3 5
v 4 0
v 5 0
v 6 0
v 7 2
v 8 4
v 9 4
v 10 4
v 11 0
v 12 0
v 13 0
v 14 0
v 15 0
v 16 0
v 17 0
v 18 0
v 19 0
v 20 5
v 21 5
v 22 6
v 23 0
v 24 0
v 25 0
v 26 0
v 27 0
v 28 0
v 29 2
v 30 2
v 31 0
v 32 0
v 33 0
v 34 0
v 35 0
v 36 0
v 37 0
v 38 0
v 39 0
v 40 0
v 41 0
v 42 0
v 43 0
v 44 0
v 45 0
v 46 0
v 47 0
v 48 4
v 49 0
v 50 0
v 51 0
v 52 0
v 53 4
v 54 0
v 55 0
v 56 0
v 57 0
v 58 0
v 59 5
v 60 0
v 61 14
v 62 15
v 63 16
v 64 0
v 65 0
v 66 5
v 67 0
v 68 0
v 69 0
v 70 0
v 71 2
v 72 2
v 73 2
v 74 2
v 75 2
v 76 2
v 77 2
v 78 2
v 79 2
v 80 2
v 81 7
v 82 2
v 83 0
v 84 2
v 85 2
v 86 2
v 87 2
v 88 2
v 89 3
v 90 3
v 91 3
e 0 1 5
e 2 0 0
e 1 3 2
e 1 4 2
e 3 5 4
e 5 3 3
e 4 6 2
e 7 4 0
e 8 4 0
e 9 4 0
e 10 4 0
e 11 4 0
e 12 4 0
e 13 6 0
e 6 14 1
e 6 15 2
e 6 16 1
e 15 17 2
e 15 18 0
e 15 19 0
e 15 20 2
e 15 21 2
e 15 22 1
e 15 23 0
e 21 24 8
e 21 25 8
e 24 21 3
e 25 21 3
e 20 26 8
e 26 20 3
e 17 27 2
e 27 28 2
e 29 27 0
e 30 27 0
e 31 0 2
e 28 32 0
e 28 33 0
e 28 34 1
e 28 35 0
e 36 28 0
e 34 37 0
e 34 38 2
e 37 39 0
e 40 37 0
e 41 37 0
e 38 42 1
e 38 43 0
e 38 44 0
e 38 45 0
e 38 46 0
e 38 47 1
e 38 48 1
e 49 38 0
e 45 50 1
e 44 51 1
e 47 52 1
e 52 53 1
e 52 54 1
e 52 55 1
e 56 52 0
e 57 54 0
e 54 58 2
e 54 59 2
e 59 60 1
e 61 54 1
e 61 62 1
e 61 63 1
e 64 58 2
e 58 65 2
e 58 66 2
e 67 58 0
e 65 68 1
e 69 66 3
e 66 69 4
e 66 70 1
e 71 72 1
e 71 73 1
e 71 70 0
e 71 74 1
e 75 76 0
e 75 70 0
e 75 77 1
e 76 78 1
e 77 79 5
e 77 80 1
e 77 81 1
e 79 82 5
e 81 83 1
e 83 84 1
e 83 85 1
e 83 86 1
e 84 87 1
e 86 88 1
e 89 1 3
e 89 3 7
e 90 15 3
e 90 21 7
e 90 20 7
e 91 64 3
e 91 58 7
t # 13
v 0 1
v 1 0
v 2 0
v 3 2
v 4 0
v 5 0
v 6 6
v 7 0
v 8 0
v 9 0
v 10 0
v 11 0
v 12 0
v 13 0
v 14 0
v 15 4
v 16 0
v 17 0
v 18 0
v 19 5
v 20 0
v 21 0
v 22 4
v 23 0
v 24 0
v 25 0
v 26 5
v 27 0
v 28 0
v 29 0
v 30 0
v 31 6
v 32 0
v 33 0
v 34 0
v 35 0
v 36 0
v 37 0
v 38 0
v 39 0
v 40 0
v 41 0
v 42 0
v 43 0
v 44 0
v 45 0
v 46 0
v 47 0
v 48 0
v 49 0
v 50 8
v 51 8
v 52 3
v 53 0
e 0 1 0
e 1 2 0
e 1 3 1
e 1 4 0
e 1 5 0
e 1 6 2
e 6 7 1
e 7 1 2
e 2 8 0
e 2 9 5
e 10 5 0
e 5 11 2
e 12 13 0
e 12 5 2
e 14 13 0
e 15 13 0
e 16 13 0
e 17 5 0
e 18 17 0
e 11 19 7
e 20 11 3
e 19 21 6
e 19 22 2
e 19 23 2
e 19 24 2
e 21 19 7
e 23 25 0
e 22 23 0
e 26 27 8
e 26 25 3
e 27 26 3
e 28 24 7
e 24 29 1
e 30 31 0
e 30 24 7
e 31 32 1
e 29 33 2
e 29 34 2
e 35 29 0
e 33 36 0
e 33 37 2
e 37 38 0
e 37 39 0
e 37 40 2
e 37 41 0
e 37 42 0
e 39 43 0
e 39 44 0
e 39 45 0
e 39 46 0
e 47 37 1
e 40 48 5
e 40 49 0
e 50 23 0
e 51 29 0
e 52 53 3
e 52 40 7
t # 14
v 0 0
v 1 8
v 2 4
v 3 4
v 4 0
v 5 5
v 6 0
v 7 0
v 8 5
v 9 0
v 10 0
v 11 0
v 12 0
v 13 0
v 14 0
v 15 3
v 16 0
v 17 8
v 18 0
v 19 0
v 20 17
v 21 2
v 22 6
v 23 0
v 24 0
v 25 17
v 26 0
v 27 0
v 28 0
v 29 0
v 30 4
v 31 0
v 32 0
v 33 0
v 34 4
v 35 0
v 36 0
v 37 0
v 38 3
v 39 0
v 40 0
v 41 0
v 42 0
v 43 0
v 44 0
v 45 5
v 46 4
v 47 6
v 48 0
v 49 0
v 50 0
v 51 0
v 52 3
v 53 17
v 54 3
v 55 2
v 56 3
v 57 3
v 58 8
e 0 1 3
e 0 2 1
e 0 3 1
e 0 4 0
e 0 5 3
e 0 6 1
e 5 0 4
e 7 8 3
e 8 7 4
e 8 4 2
e 4 9 2
e 4 10 5
e 4 11 5
e 10 12 2
e 10 13 1
e 10 14 2
e 12 15 5
e 12 16 5
e 12 17 3
e 12 18 1
e 14 19 1
e 14 20 0
e 21 20 2
e 20 22 1
e 20 23 1
e 24 22 1
e 23 25 1
e 26 27 5
e 26 23 0
e 27 23 0
e 28 25 2
e 25 29 2
e 25 30 1
e 31 32 5
e 31 33 1
e 31 25 1
e 33 34 1
e 30 35 0
e 30 36 5
e 30 37 0
e 36 38 5
e 36 39 5
e 29 40 2
e 40 41 2
e 42 40 0
e 41 43 2
e 44 41 0
e 43 45 2
e 46 43 0
e 47 43 2
e 47 48 1
e 49 45 2
e 45 50 4
e 45 51 2
e 50 52 5
e 50 45 3
e 51 53 0
e 51 54 5
e 51 55 0
e 55 53 1
e 1 5 0
e 56 8 0
e 57 4 3
e 57 9 7
e 58 14 0
t # 15
v 0 2
v 1 8
v 2 0
v 3 0
v 4 0
v 5 0
v 6 4
v 7 0
v 8 0
v 9 0
v 10 0
v 11 0
v 12 0
v 13 0
v 14 0
v 15 0
v 16 0
v 17 0
v 18 0
v 19 4
v 20 0
v 21 0
v 22 0
v 23 3
v 24 3
v 25 0
e 0 1 3
e 0 2 0
e 3 0 2
e 2 4 0
e 2 5 0
e 6 2 0
e 7 2 0
e 8 4 0
e 9 4 1
e 5 10 2
e 5 11 2
e 12 5 0
e 13 10 2
e 13 14 5
e 11 15 2
e 16 11 0
e 17 11 0
e 15 18 2
e 19 15 0
e 18 20 2
e 18 21 0
e 18 22 0
e 22 23 5
e 20 24 5
e 20 25 5
t # 16
v 0 4
v 1 0
v 2 0
v 3 0
v 4 0
v 5 0
v 6 0
v 7 0
v 8 0
v 9 4
v 10 0
v 11 0
v 12 0
v 13 0
v 14 0
v 15 0
v 16 0
v 17 4
v 18 4
v 19 4
v 20 0
v 21 0
v 22 4
v 23 4
v 24 0
v 25 4
v 26 0
v 27 4
v 28 0
v 29 0
v 30 0
v 31 0
v 32 0
v 33 4
v 34 0
v 35 0
v 36 0
v 37 0
v 38 0
v 39 0
v 40 0
v 41 0
v 42 0
v 43 0
v 44 0
v 45 0
v 46 0
v 47 0
v 48 0
v 49 0
v 50 0
v 51 0
v 52 3
v 53 8
v 54 8
e 0 1 1
e 0 2 1
e 2 3 5
e 2 4 5
e 2 5 5
e 2 6 5
e 2 7 5
e 2 8 5
e 1 9 1
e 1 10 1
e 1 11 2
e 11 12 5
e 13 11 0
e 12 14 1
e 12 15 2
e 12 16 1
e 12 17 1
e 18 12 0
e 19 12 0
e 20 21 0
e 20 22 0
e 20 23 0
e 20 12 0
e 20 24 0
e 25 12 0
e 17 26 1
e 27 12 0
e 28 29 1
e 29 30 1
e 30 12 0
e 31 30 0
e 15 32 2
e 33 15 0
e 34 15 0
e 32 35 2
e 32 36 0
e 32 37 0
e 38 39 1
e 38 40 1
e 38 41 5
e 38 32 0
e 38 42 5
e 42 43 1
e 36 44 1
e 35 45 0
e 35 46 5
e 35 47 0
e 35 48 0
e 35 49 2
e 35 50 0
e 51 49 5
e 52 0 3
e 53 50 0
e 54 49 0
t # 17
v 0 0
v 1 0
v 2 2
v 3 0
v 4 0
v 5 0
v 6 0
v 7 0
v 8 4
v 9 0
v 10 0
v 11 0
v 12 0
v 13 0
v 14 0
v 15 0
v 16 0
v 17 0
e 0 1 2
e 0 2 1
e 3 0 0
e 4 5 5
e 4 3 2
e 1 6 1
e 1 7 2
e 8 1 0
e 9 1 0
e 7 10 2
e 7 11 1
e 7 12 1
e 13 14 0
e 14 10 2
e 10 15 2
e 16 10 0
e 15 17 2
t # 18
v 0 1
v 1 0
v 2 2
v 3 2
v 4 0
v 5 0
v 6 0
v 7 0
v 8 0
v 9 0
v 10 0
v 11 0
v 12 0
v 13 0
v 14 0
v 15 0
v 16 8
v 17 0
v 18 0
v 19 0
v 20 4
v 21 0
v 22 0
v 23 0
v 24 4
v 25 0
v 26 10
v 27 0
v 28 0
v 29 0
v 30 0
v 31 0
v 32 0
v 33 0
v 34 0
v 35 0
v 36 0
v 37 0
v 38 3
v 39 0
v 40 4
v 41 0
v 42 2
v 43 8
v 44 2
v 45 0
v 46 0
v 47 0
v 48 4
v 49 0
v 50 0
v 51 0
v 52 4
v 53 0
v 54 0
v 55 0
v 56 0
v 57 8
v 58 3
v 59 0
v 60 3
v 61 3
v 62 0
v 63 8
e 0 1 0
e 0 2 1
e 0 3 1
e 1 4 1
e 1 5 5
e 1 6 1
e 6 7 2
e 6 8 0
e 9 8 0
e 7 10 2
e 11 7 0
e 10 12 1
e 10 13 5
e 14 10 0
e 15 12 0
e 12 16 7
e 12 17 7
e 12 18 2
e 17 19 2
e 20 17 3
e 19 21 5
e 18 22 2
e 18 23 1
e 24 18 0
e 22 25 2
e 22 26 1
e 25 27 0
e 25 28 0
e 25 29 2
e 29 30 1
e 27 31 2
e 32 27 0
e 32 33 5
e 31 34 1
e 34 35 1
e 34 36 2
e 35 37 2
e 37 38 5
e 39 37 3
e 39 40 5
e 41 36 2
e 42 43 0
e 44 43 0
e 45 43 2
e 45 46 2
e 45 47 2
e 48 45 0
e 49 45 0
e 46 50 0
e 47 51 2
e 52 47 0
e 51 53 2
e 54 55 5
e 54 53 1
e 54 56 5
e 57 8 0
e 43 36 2
e 58 59 3
e 58 45 7
e 60 47 7
e 61 62 3
e 61 51 7
e 63 53 0
t # 19
v 0 7
v 1 2
v 2 7
v 3 8
v 4 2
v 5 4
v 6 0
v 7 0
v 8 0
v 9 4
v 10 0
v 11 0
v 12 0
v 13 4
v 14 0
v 15 4
v 16 4
v 17 0
v 18 0
v 19 0
v 20 4
v 21 4
v 22 0
v 23 0
v 24 4
v 25 0
v 26 4
v 27 9
v 28 0
v 29 4
v 30 0
v 31 0
v 32 9
v 33 0
v 34 4
v 35 0
v 36 0
v 37 0
v 38 0
v 39 0
v 40 4
v 41 0
v 42 0
v 43 0
v 44 0
v 45 0
v 46 0
v 47 0
v 48 5
v 49 0
v 50 0
v 51 0
v 52 0
v 53 3
e 0 1 0
e 0 2 1
e 0 3 1
e 0 4 1
e 5 6 0
e 7 6 0
e 8 6 0
e 9 6 0
e 10 11 0
e 10 12 2
e 13 10 0
e 14 10 0
e 15 10 0
e 16 10 0
e 17 10 0
e 11 18 5
e 12 19 2
e 20 12 0
e 21 12 0
e 19 22 2
e 19 23 5
e 23 24 5
e 22 25 2
e 26 22 0
e 27 25 0
e 25 28 2
e 29 25 0
e 30 25 0
e 31 25 0
e 32 31 1
e 32 30 1
e 28 33 2
e 34 28 1
e 33 35 2
e 36 37 5
e 36 33 0
e 35 38 2
e 39 35 0
e 40 38 0
e 38 41 2
e 42 40 5
e 43 42 5
e 41 44 2
e 45 41 0
e 45 46 0
e 44 47 2
e 48 44 4
e 47 49 1
e 49 50 1
e 50 51 1
e 51 52 1
e 53 1 3
e 3 6 0
e 3 10 0
t # 20
v 0 2
v 1 3
v 2 0
v 3 0
v 4 0
v 5 0
v 6 4
v 7 0
v 8 0
v 9 0
v 10 0
v 11 0
v 12 0
v 13 0
v 14 0
v 15 0
v 16 5
v 17 0
v 18 0
v 19 4
v 20 0
v 21 0
v 22 0
v 23 0
v 24 0
v 25 0
v 26 0
v 27 0
v 28 4
v 29 0
v 30 0
v 31 0
v 32 5
v 33 0
v 34 0
v 35 0
v 36 8
v 37 3
v 38 3
v 39 0
e 0 1 5
e 0 2 0
e 2 3 1
e 4 5 0
e 4 2 0
e 6 5 0
e 7 5 0
e 3 8 0
e 3 9 2
e 3 10 0
e 9 11 2
e 12 9 0
e 11 13 2
e 11 14 2
e 13 15 2
e 13 16 2
e 16 17 6
e 16 18 2
e 16 19 2
e 17 16 7
e 20 19 1
e 18 21 2
e 22 18 0
e 21 23 2
e 24 21 0
e 24 25 0
e 23 26 2
e 23 27 2
e 28 26 0
e 29 26 0
e 27 30 2
e 31 27 0
e 30 32 2
e 30 33 2
e 33 34 1
e 32 35 6
e 35 32 7
e 36 2 0
e 37 16 3
e 37 19 7
e 38 32 3
e 38 39 7
t # 21
v 0 0
v 1 0
v 2 0
v 3 4
v 4 0
v 5 0
v 6 6
v 7 0
v 8 0
v 9 0
v 10 4
v 11 3
v 12 0
v 13 0
v 14 0
v 15 0
v 16 4
v 17 4
v 18 0
v 19 4
v 20 0
v 21 4
v 22 0
v 23 0
v 24 4
v 25 0
v 26 0
v 27 6
v 28 4
v 29 0
v 30 0
v 31 0
v 32 4
v 33 4
v 34 0
v 35 0
v 36 0
v 37 0
v 38 4
v 39 4
v 40 0
v 41 0
v 42 5
v 43 0
v 44 0
v 45 0
v 46 4
v 47 0
v 48 4
v 49 9
v 50 0
v 51 6
v 52 0
v 53 6
v 54 0
v 55 0
v 56 0
v 57 0
v 58 0
v 59 0
v 60 4
v 61 0
v 62 0
v 63 0
v 64 4
v 65 0
v 66 0
v 67 0
v 68 6
v 69 0
v 70 5
v 71 0
v 72 0
v 73 0
v 74 0
v 75 0
v 76 0
v 77 0
v 78 0
v 79 0
v 80 0
v 81 0
v 82 0
v 83 0
v 84 0
v 85 0
v 86 3
v 87 0
v 88 0
v 89 0
v 90 3
e 0 1 2
e 0 2 1
e 3 0 0
e 4 0 0
e 5 0 0
e 2 6 0
e 2 7 0
e 2 8 0
e 2 9 0
e 2 10 0
e 7 11 5
e 12 6 0
e 1 13 3
e 1 14 2
e 1 15 0
e 16 1 0
e 17 1 0
e 18 1 0
e 19 1 0
e 20 1 0
e 21 1 0
e 14 22 2
e 23 14 0
e 24 14 0
e 22 25 2
e 22 26 7
e 22 27 2
e 28 27 0
e 25 29 2
e 30 25 0
e 29 31 2
e 32 29 0
e 33 29 0
e 31 34 2
e 35 31 0
e 34 36 1
e 34 37 5
e 34 38 1
e 39 36 1
e 40 36 1
e 36 41 1
e 42 43 4
e 43 41 1
e 43 42 3
e 41 44 1
e 44 45 2
e 46 44 0
e 45 47 2
e 48 45 0
e 48 49 5
e 47 50 2
e 51 47 1
e 52 51 0
e 50 53 1
e 54 50 0
e 55 56 5
e 55 50 0
e 55 57 5
e 55 58 1
e 57 59 5
e 59 60 5
e 53 61 2
e 62 53 0
e 61 63 2
e 64 61 0
e 65 61 0
e 63 66 2
e 67 63 0
e 67 68 0
e 67 69 1
e 66 70 3
e 66 71 1
e 66 72 1
e 70 66 4
e 72 73 2
e 74 72 3
e 71 75 1
e 71 76 5
e 71 77 1
e 71 78 1
e 79 71 0
e 80 71 0
e 76 81 1
e 76 82 1
e 82 83 0
e 82 84 2
e 85 86 5
e 84 87 1
e 84 88 1
e 88 89 0
e 90 42 3
e 90 41 7
e 86 84 7
t # 22
v 0 0
v 1 0
v 2 4
v 3 8
v 4 0
v 5 0
v 6 0
v 7 0
v 8 0
v 9 0
v 10 0
v 11 6
v 12 0
v 13 3
v 14 0
v 15 4
v 16 4
v 17 0
v 18 0
v 19 0
v 20 0
v 21 0
v 22 4
v 23 0
v 24 0
v 25 4
v 26 4
v 27 0
v 28 0
v 29 0
v 30 0
v 31 0
v 32 0
v 33 0
v 34 0
v 35 0
v 36 0
v 37 0
v 38 0
v 39 0
v 40 0
v 41 0
v 42 0
v 43 0
v 44 0
v 45 0
v 46 0
v 47 0
v 48 0
v 49 0
v 50 0
v 51 0
v 52 0
v 53 0
v 54 0
v 55 0
v 56 0
v 57 0
v 58 0
v 59 0
v 60 0
v 61 0
v 62 4
v 63 0
v 64 0
v 65 0
v 66 4
v 67 0
v 68 4
v 69 0
v 70 0
v 71 0
v 72 0
v 73 0
v 74 0
v 75 4
v 76 0
v 77 0
v 78 0
v 79 0
v 80 0
v 81 0
v 82 0
v 83 0
v 84 0
v 85 4
v 86 6
v 87 0
v 88 0
v 89 0
v 90 4
v 91 0
v 92 0
v 93 0
v 94 0
v 95 0
v 96 8
v 97 3
e 0 1 2
e 2 3 0
e 4 5 0
e 4 6 0
e 5 7 2
e 7 8 2
e 9 6 0
e 1 10 2
e 11 1 2
e 12 13 5
e 12 11 0
e 10 14 2
e 15 10 0
e 16 10 0
e 17 18 1
e 17 10 0
e 19 20 1
e 19 10 0
e 19 21 1
e 22 23 1
e 22 24 1
e 22 25 5
e 22 10 0
e 25 26 5
e 25 27 5
e 25 28 5
e 26 29 5
e 26 30 5
e 26 31 0
e 31 32 5
e 14 33 2
e 34 14 0
e 33 35 0
e 33 36 2
e 37 33 0
e 38 33 0
e 39 33 0
e 40 33 0
e 41 33 0
e 42 33 0
e 43 33 0
e 44 35 0
e 45 35 0
e 46 35 0
e 47 35 0
e 36 48 0
e 36 49 2
e 36 50 1
e 36 51 2
e 52 36 0
e 53 54 5
e 53 36 0
e 53 55 5
e 49 56 1
e 49 57 1
e 51 58 0
e 58 59 0
e 58 60 5
e 58 61 5
e 62 63 5
e 62 58 7
e 60 64 0
e 60 65 0
e 66 67 5
e 66 60 7
e 68 69 5
e 68 70 5
e 68 71 5
e 68 60 7
e 68 72 5
e 65 73 2
e 65 74 2
e 75 65 0
e 75 76 5
e 77 78 5
e 77 65 0
e 74 79 2
e 74 80 2
e 81 74 2
e 73 82 5
e 73 83 2
e 73 84 0
e 73 85 0
e 73 86 0
e 83 87 2
e 88 83 2
e 80 89 1
e 90 80 0
e 87 91 1
e 87 92 1
e 87 93 1
e 93 94 0
e 93 95 0
e 3 0 0
e 3 6 0
e 96 5 0
e 97 83 7
e 97 88 3
t # 23
v 0 1
v 1 0
v 2 0
v 3 0
v 4 0
v 5 0
v 6 0
v 7 6
v 8 3
v 9 0
v 10 0
v 11 0
v 12 0
v 13 0
v 14 0
v 15 0
v 16 0
v 17 0
v 18 0
v 19 0
v 20 0
v 21 0
v 22 0
v 23 0
v 24 0
v 25 0
v 26 0
v 27 4
v 28 0
v 29 0
v 30 0
v 31 0
v 32 0
v 33 0
v 34 0
v 35 0
v 36 0
v 37 0
v 38 0
v 39 0
v 40 3
v 41 0
v 42 4
v 43 8
v 44 8
v 45 8
v 46 8
e 0 1 0
e 0 2 0
e 1 2 2
e 3 1 0
e 4 2 0
e 5 6 2
e 5 7 0
e 5 2 2
e 5 8 5
e 5 9 0
e 6 10 2
e 11 6 0
e 12 6 0
e 13 6 0
e 14 6 0
e 10 15 2
e 10 16 2
e 15 17 2
e 17 18 2
e 19 17 0
e 18 20 2
e 21 18 0
e 20 22 2
e 20 23 2
e 24 20 0
e 22 25 0
e 23 26 2
e 27 23 0
e 28 26 2
e 29 26 2
e 26 30 2
e 26 31 2
e 30 32 0
e 30 33 2
e 30 34 5
e 30 35 1
e 30 36 0
e 36 32 2
e 35 37 0
e 38 35 0
e 33 39 0
e 33 40 5
e 33 41 0
e 42 39 1
e 43 1 0
e 44 1 0
e 45 46 2
e 45 36 0
e 46 32 0
t # 24
v 0 0
v 1 1
v 2 4
v 3 0
v 4 0
v 5 3
v 6 3
v 7 0
v 8 4
v 9 4
v 10 0
v 11 0
v 12 0
v 13 0
v 14 0
v 15 0
v 16 0
v 17 0
v 18 0
v 19 4
v 20 0
v 21 0
v 22 0
v 23 0
v 24 0
v 25 0
v 26 0
v 27 0
v 28 0
v 29 0
v 30 0
v 31 0
v 32 0
v 33 0
v 34 0
v 35 0
v 36 0
v 37 0
v 38 0
v 39 0
v 40 0
v 41 0
v 42 0
v 43 0
v 44 0
v 45 0
v 46 4
v 47 4
v 48 0
v 49 0
v 50 0
v 51 0
v 52 0
v 53 0
v 54 0
v 55 0
v 56 0
v 57 0
v 58 5
v 59 0
v 60 0
v 61 5
v 62 0
v 63 0
v 64 3
e 0 1 1
e 0 2 1
e 0 3 0
e 0 4 0
e 0 5 5
e 2 6 5
e 4 7 0
e 8 7 0
e 8 4 0
e 9 10 5
e 9 11 0
e 9 4 0
e 9 12 5
e 11 13 2
e 11 14 5
e 11 15 5
e 14 16 2
e 14 17 2
e 17 18 2
e 19 17 0
e 20 17 0
e 18 21 2
e 18 22 2
e 23 18 0
e 24 22 0
e 24 25 0
e 22 26 2
e 22 25 2
e 26 27 2
e 26 28 2
e 26 29 2
e 29 27 2
e 29 30 2
e 27 30 1
e 31 30 2
e 28 32 2
e 28 33 2
e 34 28 0
e 32 35 2
e 36 32 0
e 37 35 0
e 38 33 2
e 39 40 2
e 39 41 5
e 33 39 2
e 33 40 2
e 33 42 2
e 43 40 0
e 42 44 2
e 45 42 0
e 46 42 1
e 47 48 5
e 47 44 0
e 44 49 2
e 49 50 5
e 49 51 2
e 50 52 0
e 50 53 0
e 53 54 0
e 51 55 2
e 51 56 2
e 57 58 3
e 57 56 0
e 57 51 0
e 58 59 6
e 59 58 7
e 55 60 1
e 61 62 6
e 61 55 2
e 62 61 7
e 63 55 0
e 60 64 5
t # 25
v 0 4
v 1 2
v 2 0
v 3 0
v 4 0
v 5 0
v 6 4
v 7 0
v 8 6
v 9 4
v 10 0
v 11 4
v 12 0
v 13 0
v 14 4
v 15 0
v 16 0
v 17 0
v 18 4
v 19 4
v 20 0
v 21 0
v 22 0
v 23 0
v 24 0
v 25 0
v 26 4
v 27 0
v 28 5
v 29 0
v 30 0
v 31 0
v 32 0
v 33 0
v 34 0
v 35 0
v 36 0
e 0 1 1
e 0 2 5
e 0 3 0
e 3 4 2
e 3 5 0
e 6 3 0
e 5 7 1
e 5 8 1
e 9 8 0
e 4 10 2
e 11 4 0
e 10 12 2
e 12 13 2
e 14 12 0
e 13 15 2
e 16 13 1
e 15 17 2
e 18 15 0
e 19 15 0
e 20 17 0
e 20 21 1
e 21 17 0
e 21 22 5
e 23 24 5
e 25 23 0
e 26 23 0
e 27 23 0
e 24 28 2
e 29 24 0
e 30 28 2
e 31 30 0
e 32 28 3
e 28 32 4
e 28 33 2
e 34 33 2
e 35 33 0
e 36 33 0
t # 26
v 0 2
v 1 0
v 2 2
v 3 2
v 4 4
v 5 4
v 6 4
v 7 4
v 8 4
v 9 0
v 10 0
v 11 0
v 12 0
v 13 0
v 14 0
v 15 0
v 16 0
v 17 6
v 18 0
v 19 0
v 20 0
v 21 4
v 22 4
v 23 0
v 24 4
v 25 0
e 0 1 0
e 0 2 1
e 3 0 0
e 1 4 1
e 5 1 0
e 6 1 0
e 7 1 0
e 8 1 0
e 4 9 1
e 9 10 0
e 9 11 0
e 9 12 0
e 11 13 1
e 12 13 1
e 10 14 2
e 15 16 1
e 15 10 1
e 14 17 2
e 18 14 0
e 19 17 0
e 17 20 2
e 21 17 0
e 22 17 0
e 20 23 1
e 24 20 0
e 25 20 0
t # 27
v 0 0
v 1 4
v 2 0
v 3 3
v 4 0
v 5 0
v 6 0
v 7 0
v 8 0
v 9 0
v 10 0
v 11 0
v 12 0
v 13 0
v 14 0
v 15 0
v 16 0
v 17 8
v 18 6
v 19 0
v 20 3
v 21 4
v 22 5
v 23 0
v 24 0
v 25 0
v 26 4
v 27 4
v 28 0
v 29 0
v 30 0
v 31 0
v 32 4
v 33 0
v 34 0
v 35 5
v 36 0
v 37 0
v 38 6
v 39 5
v 40 0
v 41 0
v 42 0
v 43 0
v 44 0
v 45 0
v 46 0
v 47 4
v 48 4
v 49 0
v 50 0
v 51 0
v 52 0
v 53 11
v 54 0
v 55 11
v 56 11
v 57 11
v 58 4
v 59 0
v 60 6
v 61 3
e 0 1 0
e 1 2 0
e 1 3 5
e 1 4 0
e 2 5 2
e 2 6 2
e 6 7 2
e 6 8 2
e 8 9 2
e 10 8 0
e 9 11 2
e 11 12 2
e 13 11 0
e 12 14 2
e 15 12 1
e 16 17 2
e 16 18 0
e 16 19 2
e 16 9 3
e 16 20 1
e 21 18 0
e 22 23 8
e 22 24 2
e 23 22 3
e 24 25 2
e 26 24 0
e 27 24 0
e 28 24 0
e 25 29 2
e 30 25 0
e 29 31 2
e 32 29 0
e 31 33 2
e 34 31 0
e 33 35 2
e 36 33 0
e 37 33 1
e 35 38 2
e 35 39 2
e 40 35 3
e 41 35 3
e 42 41 3
e 42 43 5
e 38 44 2
e 38 45 2
e 46 38 0
e 47 45 0
e 48 45 0
e 49 45 0
e 50 45 0
e 39 51 4
e 39 52 2
e 39 53 2
e 51 39 3
e 54 39 2
e 53 55 1
e 56 53 0
e 56 57 5
e 17 22 0
e 17 58 1
e 17 59 1
e 17 60 0
e 61 54 3
e 61 39 7
t # 28
v 0 0
v 1 0
v 2 0
v 3 4
v 4 6
v 5 0
v 6 0
v 7 0
v 8 0
v 9 0
v 10 0
v 11 0
v 12 0
v 13 0
v 14 0
v 15 0
v 16 0
v 17 0
v 18 0
v 19 0
v 20 0
v 21 0
v 22 0
v 23 0
v 24 0
v 25 0
v 26 0
v 27 0
v 28 4
v 29 0
v 30 0
v 31 0
v 32 0
v 33 0
v 34 0
v 35 0
v 36 0
v 37 0
v 38 0
v 39 0
v 40 0
v 41 0
v 42 0
v 43 0
v 44 3
e 0 1 1
e 1 2 0
e 3 4 0
e 3 1 0
e 3 5 0
e 2 6 2
e 7 2 0
e 8 2 0
e 9 2 0
e 6 10 1
e 6 11 1
e 12 6 0
e 13 14 0
e 13 15 0
e 13 6 0
e 13 16 0
e 17 18 0
e 17 16 0
e 19 14 0
e 15 20 2
e 21 15 0
e 20 22 2
e 20 23 2
e 23 24 0
e 23 25 0
e 23 26 0
e 27 23 1
e 27 28 5
e 24 29 5
e 24 30 2
e 30 31 2
e 32 33 5
e 32 34 0
e 32 30 0
e 31 35 0
e 36 37 0
e 36 38 0
e 36 31 0
e 36 39 0
e 36 40 0
e 41 35 0
e 29 42 2
e 42 43 0
e 44 1 7
e 44 5 3
t # 29
v 0 0
v 1 2
v 2 4
v 3 0
v 4 4
v 5 0
v 6 4
v 7 0
v 8 0
v 9 0
v 10 0
v 11 0
v 12 0
v 13 0
v 14 0
v 15 0
v 16 4
v 17 4
v 18 0
v 19 0
v 20 0
v 21 0
v 22 6
v 23 0
v 24 0
v 25 0
v 26 4
v 27 4
v 28 0
v 29 0
v 30 0
v 31 0
v 32 0
v 33 0
v 34 0
v 35 0
v 36 0
v 37 0
v 38 0
v 39 0
v 40 0
v 41 0
v 42 0
v 43 0
v 44 0
v 45 0
v 46 0
v 47 0
v 48 0
v 49 0
v 50 0
v 51 0
v 52 0
v 53 0
v 54 0
v 55 0
v 56 0
v 57 3
v 58 0
v 59 0
v 60 0
v 61 0
v 62 0
v 63 0
v 64 0
v 65 0
v 66 0
v 67 0
v 68 0
v 69 5
v 70 0
v 71 5
v 72 0
v 73 0
v 74 0
v 75 0
v 76 0
v 77 3
v 78 3
v 79 3
e 0 1 1
e 2 0 0
e 3 4 1
e 3 5 0
e 3 0 0
e 3 6 1
e 7 3 1
e 5 8 2
e 5 9 2
e 10 5 0
e 11 8 0
e 9 12 2
e 13 9 0
e 14 9 0
e 12 15 2
e 16 15 0
e 16 17 1
e 18 19 5
e 18 20 1
e 18 16 0
e 18 21 1
e 17 22 1
e 22 23 0
e 24 25 1
e 24 22 0
e 26 23 0
e 27 23 0
e 23 28 2
e 28 29 2
e 28 30 0
e 28 31 0
e 28 32 0
e 28 33 0
e 28 34 0
e 28 35 0
e 28 36 0
e 29 37 2
e 29 38 0
e 29 39 0
e 29 40 0
e 41 29 1
e 38 42 0
e 43 39 1
e 44 45 2
e 45 46 5
e 37 46 2
e 37 47 2
e 37 44 2
e 37 45 2
e 47 48 0
e 47 49 0
e 47 50 0
e 47 51 0
e 47 52 0
e 47 53 0
e 49 54 0
e 49 55 0
e 52 53 2
e 56 57 5
e 48 56 5
e 48 58 5
e 48 59 1
e 59 60 2
e 59 61 2
e 62 59 1
e 61 63 0
e 61 64 3
e 60 65 0
e 60 66 5
e 60 67 0
e 60 68 3
e 60 69 2
e 65 67 2
e 69 70 6
e 70 69 7
e 71 72 8
e 71 73 2
e 72 71 3
e 73 74 2
e 75 73 3
e 74 76 3
e 77 7 3
e 77 3 7
e 78 47 7
e 79 69 3
e 79 71 7
t # 30
v 0 2
v 1 2
v 2 2
v 3 0
v 4 0
v 5 0
v 6 5
v 7 0
v 8 4
v 9 0
v 10 0
v 11 0
v 12 0
v 13 0
v 14 4
v 15 0
v 16 4
v 17 4
v 18 0
v 19 4
v 20 0
v 21 0
v 22 0
v 23 0
v 24 0
v 25 4
v 26 0
v 27 0
v 28 0
v 29 4
v 30 6
v 31 0
v 32 0
v 33 0
v 34 0
v 35 0
v 36 5
v 37 0
v 38 0
v 39 4
v 40 0
v 41 0
v 42 0
v 43 0
v 44 0
v 45 0
v 46 0
v 47 5
v 48 0
v 49 0
v 50 0
v 51 0
v 52 4
v 53 0
v 54 0
v 55 0
v 56 5
v 57 4
v 58 0
v 59 4
v 60 0
v 61 0
v 62 0
v 63 5
v 64 0
v 65 0
v 66 4
v 67 0
v 68 0
v 69 5
v 70 0
v 71 0
v 72 0
v 73 0
v 74 3
v 75 3
v 76 3
v 77 3
v 78 3
e 0 1 0
e 2 1 0
e 2 3 1
e 3 4 0
e 3 5 0
e 3 6 1
e 7 6 0
e 6 8 4
e 6 9 4
e 6 10 2
e 10 11 2
e 11 12 1
e 11 13 2
e 14 11 0
e 14 15 5
e 16 11 0
e 17 11 0
e 18 11 0
e 19 12 0
e 13 20 2
e 21 13 0
e 22 23 5
e 22 13 0
e 20 24 2
e 25 20 0
e 24 26 2
e 26 27 2
e 28 26 0
e 29 27 0
e 27 30 1
e 27 31 1
e 27 32 2
e 33 34 0
e 33 35 0
e 33 36 2
e 33 37 1
e 33 38 2
e 33 39 1
e 33 32 0
e 33 40 0
e 33 41 0
e 33 42 0
e 36 43 4
e 36 44 4
e 44 36 3
e 43 36 3
e 38 45 1
e 38 46 2
e 47 48 4
e 48 49 1
e 48 47 3
e 48 50 1
e 46 51 2
e 52 46 0
e 51 53 2
e 54 51 0
e 53 55 5
e 53 56 2
e 53 57 1
e 58 53 0
e 59 53 0
e 60 56 3
e 56 60 4
e 56 61 2
e 56 62 2
e 56 63 2
e 63 64 8
e 63 65 8
e 65 63 3
e 64 63 3
e 61 66 1
e 61 67 1
e 61 68 5
e 69 66 9
e 70 69 2
e 71 62 2
e 72 62 0
e 73 62 0
e 74 1 3
e 75 6 7
e 75 3 3
e 76 48 7
e 76 38 3
e 77 70 3
e 77 69 7
e 78 62 7
e 78 71 3
t # 31
v 0 0
v 1 2
v 2 10
v 3 0
v 4 0
v 5 4
v 6 0
v 7 0
v 8 0
v 9 0
v 10 4
v 11 0
v 12 8
v 13 0
v 14 0
v 15 8
v 16 0
v 17 4
v 18 4
v 19 0
v 20 0
v 21 0
v 22 3
v 23 0
v 24 0
v 25 0
v 26 0
v 27 0
v 28 0
v 29 0
v 30 0
v 31 0
v 32 10
v 33 0
v 34 0
v 35 0
v 36 0
v 37 0
v 38 0
v 39 8
v 40 0
v 41 0
v 42 0
v 43 0
v 44 4
v 45 5
v 46 0
v 47 0
v 48 5
v 49 0
v 50 8
v 51 0
v 52 0
v 53 0
v 54 0
v 55 0
v 56 0
v 57 8
v 58 0
v 59 0
v 60 0
v 61 0
v 62 0
v 63 0
v 64 0
v 65 0
v 66 0
v 67 5
v 68 0
v 69 0
v 70 0
v 71 0
v 72 0
v 73 0
v 74 6
v 75 4
v 76 0
v 77 4
v 78 4
v 79 8
v 80 8
v 81 0
v 82 3
v 83 0
e 0 1 1
e 2 0 0
e 3 0 2
e 3 4 2
e 5 3 0
e 5 6 0
e 6 7 5
e 6 8 0
e 4 9 0
e 4 10 0
e 4 11 0
e 4 12 0
e 4 13 0
e 13 14 1
e 13 15 2
e 16 15 2
e 17 15 1
e 18 15 1
e 19 20 2
e 19 21 2
e 19 22 5
e 23 20 2
e 21 24 2
e 25 21 3
e 26 21 3
e 27 21 3
e 28 21 3
e 24 29 2
e 24 30 0
e 24 31 0
e 32 24 0
e 33 24 1
e 34 35 1
e 34 24 0
e 34 31 0
e 36 30 0
e 36 24 0
e 29 37 2
e 38 39 0
e 40 29 0
e 37 41 2
e 42 37 0
e 43 41 0
e 44 41 0
e 41 45 2
e 45 46 9
e 45 47 1
e 45 48 7
e 48 49 6
e 48 50 2
e 49 48 7
e 51 48 2
e 52 48 7
e 53 50 3
e 53 54 5
e 55 54 0
e 56 57 2
e 58 56 0
e 59 60 2
e 59 61 0
e 62 59 0
e 62 63 0
e 61 64 0
e 60 65 1
e 60 66 1
e 67 68 6
e 68 67 7
e 66 67 2
e 66 69 2
e 70 69 2
e 70 71 0
e 71 69 2
e 69 72 5
e 69 73 2
e 74 69 0
e 75 69 0
e 73 76 2
e 77 73 0
e 78 73 0
e 79 3 0
e 12 11 0
e 15 19 0
e 39 29 0
e 80 51 0
e 50 56 0
e 57 59 0
e 57 81 0
e 82 73 7
e 82 83 3
t # 32
v 0 0
v 1 0
v 2 0
v 3 0
v 4 11
v 5 0
v 6 6
v 7 0
v 8 0
v 9 0
v 10 0
v 11 0
v 12 0
v 13 0
v 14 0
v 15 0
v 16 4
e 0 1 0
e 0 2 1
e 3 1 0
e 2 4 2
e 2 5 0
e 6 2 0
e 7 6 0
e 5 8 2
e 9 5 0
e 8 10 2
e 8 11 2
e 10 12 2
e 13 10 0
e 13 12 0
e 13 8 0
e 11 14 2
e 11 15 2
e 16 15 0
t # 33
v 0 1
v 1 1
v 2 0
v 3 1
v 4 0
v 5 0
v 6 0
v 7 0
v 8 0
v 9 0
v 10 0
v 11 0
v 12 0
v 13 0
v 14 4
v 15 0
v 16 0
v 17 0
v 18 6
v 19 0
v 20 0
v 21 0
v 22 0
v 23 0
v 24 10
v 25 10
v 26 0
v 27 6
v 28 0
v 29 0
v 30 10
v 31 0
v 32 0
v 33 10
v 34 0
v 35 10
v 36 0
v 37 0
v 38 0
v 39 0
v 40 0
v 41 0
v 42 0
v 43 6
v 44 0
v 45 4
v 46 0
v 47 0
v 48 0
v 49 4
v 50 0
v 51 0
v 52 0
v 53 0
v 54 0
v 55 0
v 56 0
v 57 0
v 58 0
v 59 0
v 60 0
v 61 0
v 62 0
v 63 0
v 64 0
v 65 0
v 66 0
v 67 0
v 68 0
v 69 0
v 70 0
v 71 0
v 72 0
v 73 0
v 74 18
v 75 0
v 76 18
v 77 3
e 0 1 1
e 0 2 1
e 0 3 1
e 2 4 0
e 2 5 1
e 2 6 1
e 2 7 1
e 8 6 0
e 9 6 0
e 5 10 2
e 5 11 2
e 10 12 0
e 13 10 0
e 14 12 0
e 11 15 2
e 11 16 5
e 17 18 1
e 17 11 0
e 15 19 2
e 20 15 0
e 19 21 2
e 22 19 0
e 22 23 0
e 24 23 0
e 24 25 0
e 21 26 0
e 27 21 1
e 28 27 0
e 26 29 2
e 30 26 0
e 31 29 0
e 32 29 0
e 29 33 1
e 29 34 2
e 33 35 5
e 34 36 2
e 37 34 0
e 36 38 0
e 36 39 2
e 40 36 0
e 39 41 2
e 42 39 0
e 43 39 1
e 44 43 0
e 45 43 0
e 41 46 2
e 47 41 0
e 46 48 2
e 49 46 0
e 50 46 0
e 51 46 0
e 48 52 2
e 53 48 0
e 52 54 2
e 55 52 0
e 54 56 2
e 54 57 0
e 54 58 0
e 54 59 0
e 54 60 0
e 61 54 2
e 62 58 1
e 63 54 0
e 56 64 2
e 56 65 2
e 66 64 0
e 67 65 0
e 65 68 7
e 65 69 2
e 70 65 2
e 69 71 2
e 72 69 0
e 72 73 1
e 73 69 0
e 71 74 2
e 71 75 1
e 74 76 2
e 77 4 7
e 77 2 3
t # 34
v 0 0
v 1 0
v 2 0
v 3 0
v 4 0
v 5 0
v 6 3
v 7 0
v 8 0
v 9 0
v 10 3
v 11 0
v 12 4
v 13 0
v 14 0
v 15 0
v 16 0
v 17 0
v 18 0
v 19 0
v 20 4
v 21 0
v 22 0
v 23 0
v 24 0
v 25 0
v 26 4
v 27 0
v 28 0
v 29 0
v 30 0
v 31 0
v 32 0
v 33 0
v 34 0
v 35 4
v 36 0
v 37 0
v 38 0
v 39 0
v 40 0
v 41 4
v 42 0
v 43 4
v 44 10
v 45 0
v 46 0
v 47 10
v 48 10
v 49 10
v 50 0
v 51 0
v 52 0
v 53 10
v 54 0
v 55 0
v 56 0
v 57 0
v 58 0
v 59 0
v 60 0
v 61 0
v 62 6
v 63 0
v 64 0
v 65 0
v 66 4
v 67 0
v 68 0
v 69 0
v 70 0
v 71 0
v 72 0
v 73 4
v 74 0
v 75 0
v 76 0
v 77 0
v 78 0
v 79 0
v 80 0
v 81 6
v 82 0
v 83 0
v 84 0
v 85 0
v 86 0
v 87 0
v 88 8
v 89 13
v 90 13
v 91 3
e 0 1 1
e 1 2 2
e 1 3 2
e 4 1 1
e 3 5 2
e 3 6 5
e 5 7 0
e 8 5 2
e 9 10 5
e 9 8 0
e 7 11 2
e 12 7 0
e 11 13 2
e 14 11 1
e 13 15 2
e 16 13 0
e 17 16 1
e 15 18 2
e 15 19 0
e 20 15 0
e 18 21 1
e 18 22 2
e 23 18 0
e 22 24 2
e 22 25 2
e 26 27 5
e 26 22 0
e 28 22 0
e 29 22 1
e 24 30 5
e 31 24 0
e 32 30 0
e 32 33 0
e 34 33 2
e 35 24 0
e 35 36 1
e 35 37 5
e 36 38 5
e 36 39 5
e 36 40 1
e 36 41 1
e 40 42 5
e 41 43 1
e 41 44 0
e 45 44 2
e 44 46 2
e 47 44 0
e 48 44 0
e 49 44 0
e 46 50 1
e 46 51 2
e 52 51 0
e 53 50 0
e 50 54 2
e 54 55 1
e 54 56 2
e 54 57 2
e 57 55 1
e 56 58 2
e 59 60 2
e 59 61 0
e 59 62 0
e 58 59 2
e 63 61 0
e 64 61 1
e 62 65 1
e 66 62 0
e 65 67 1
e 60 68 0
e 60 69 1
e 60 70 2
e 60 71 0
e 69 72 2
e 73 69 0
e 72 74 2
e 72 75 2
e 76 72 3
e 77 76 7
e 78 72 0
e 74 79 1
e 80 74 0
e 81 74 0
e 82 81 0
e 70 83 2
e 70 84 0
e 70 85 0
e 85 84 5
e 86 84 2
e 87 83 2
e 88 2 0
e 89 78 0
e 90 86 0
e 91 83 7
e 91 87 3
t # 35
v 0 1
v 1 11
v 2 0
v 3 0
v 4 1
v 5 0
v 6 1
v 7 0
v 8 0
v 9 0
v 10 0
v 11 4
v 12 0
v 13 0
v 14 0
v 15 0
v 16 0
v 17 0
v 18 0
v 19 0
v 20 0
v 21 3
v 22 0
v 23 13
e 0 1 0
e 0 2 1
e 2 3 0
e 2 1 0
e 4 3 0
e 4 5 3
e 4 6 5
e 4 7 1
e 4 8 0
e 4 9 1
e 8 10 5
e 8 11 1
e 11 12 0
e 10 13 5
e 10 14 0
e 10 15 2
e 16 14 3
e 15 17 2
e 15 18 1
e 19 18 0
e 19 15 0
e 17 20 1
e 17 21 5
e 17 22 5
e 23 17 0
t # 36
v 0 0
v 1 0
v 2 0
v 3 0
v 4 0
v 5 0
v 6 0
v 7 0
v 8 0
v 9 4
v 10 0
v 11 4
v 12 0
v 13 0
v 14 4
v 15 4
v 16 0
v 17 0
v 18 4
v 19 4
v 20 0
v 21 0
v 22 0
v 23 0
v 24 0
v 25 0
v 26 0
v 27 0
v 28 4
v 29 0
v 30 0
v 31 0
v 32 0
v 33 4
v 34 0
v 35 4
v 36 0
v 37 0
v 38 0
v 39 0
v 40 0
v 41 0
v 42 0
v 43 0
v 44 0
v 45 0
v 46 3
v 47 3
v 48 3
v 49 0
v 50 3
e 0 1 2
e 0 2 1
e 3 0 0
e 4 0 0
e 5 0 0
e 1 6 2
e 7 1 0
e 8 1 0
e 9 1 0
e 6 10 2
e 11 6 0
e 12 6 0
e 10 13 2
e 14 10 0
e 15 10 0
e 16 10 0
e 17 10 0
e 18 10 0
e 19 10 0
e 13 20 2
e 13 21 2
e 20 22 2
e 22 23 0
e 22 24 2
e 25 22 0
e 26 22 0
e 24 27 2
e 28 24 0
e 27 29 2
e 29 30 2
e 30 31 2
e 32 30 0
e 33 30 0
e 31 34 1
e 35 31 0
e 36 31 0
e 34 37 2
e 38 37 0
e 37 39 2
e 40 39 3
e 40 41 0
e 40 42 0
e 40 43 0
e 39 44 2
e 39 45 2
e 41 46 5
e 43 47 5
e 42 48 5
e 44 49 1
e 45 49 1
e 50 0 7
e 50 3 3
t # 37
v 0 0
v 1 0
v 2 5
v 3 0
v 4 0
v 5 0
v 6 0
v 7 0
v 8 4
v 9 0
v 10 0
v 11 0
v 12 0
v 13 4
v 14 0
v 15 0
v 16 0
v 17 0
v 18 0
v 19 0
v 20 0
v 21 0
v 22 0
v 23 0
v 24 0
v 25 0
v 26 0
v 27 0
v 28 0
v 29 4
v 30 0
v 31 0
v 32 0
v 33 0
v 34 0
v 35 0
v 36 0
v 37 0
v 38 0
v 39 11
v 40 0
v 41 0
v 42 3
v 43 19
v 44 3
e 0 1 1
e 2 3 4
e 2 1 2
e 3 2 3
e 1 4 2
e 5 1 0
e 6 1 0
e 7 1 1
e 8 1 0
e 9 1 0
e 4 10 2
e 11 4 0
e 10 12 2
e 13 10 0
e 13 14 5
e 13 15 1
e 13 16 5
e 13 17 1
e 12 18 2
e 19 12 0
e 19 20 5
e 18 21 1
e 18 22 2
e 18 23 2
e 23 21 1
e 22 24 2
e 24 25 2
e 24 26 2
e 27 24 0
e 25 28 2
e 29 25 3
e 30 25 3
e 28 31 0
e 28 32 2
e 28 33 5
e 32 34 2
e 34 35 2
e 34 36 0
e 35 37 5
e 35 38 2
e 38 39 2
e 38 40 2
e 41 38 2
e 39 42 5
e 39 43 1
e 44 2 3
e 44 1 7
t # 38
v 0 0
v 1 0
v 2 0
v 3 0
v 4 4
v 5 0
v 6 4
v 7 0
v 8 0
v 9 3
v 10 0
v 11 0
v 12 4
v 13 0
v 14 0
v 15 0
v 16 0
v 17 0
v 18 0
v 19 0
v 20 0
v 21 0
v 22 0
v 23 0
v 24 0
v 25 4
v 26 0
v 27 0
v 28 0
v 29 0
v 30 0
v 31 0
v 32 0
v 33 0
v 34 0
v 35 0
v 36 0
v 37 0
v 38 0
v 39 0
v 40 0
v 41 0
v 42 0
v 43 4
v 44 0
v 45 4
v 46 0
v 47 0
v 48 0
v 49 0
v 50 0
v 51 0
v 52 0
v 53 0
v 54 0
v 55 0
v 56 0
v 57 0
v 58 0
v 59 0
v 60 0
v 61 0
v 62 0
v 63 0
v 64 0
v 65 4
v 66 0
v 67 4
v 68 4
v 69 0
v 70 0
v 71 0
v 72 0
v 73 0
v 74 0
v 75 0
v 76 0
v 77 4
v 78 0
v 79 0
v 80 0
v 81 0
v 82 0
e 0 1 0
e 0 2 1
e 0 3 1
e 0 4 1
e 0 5 1
e 0 6 0
e 0 7 0
e 0 8 1
e 7 9 5
e 8 10 5
e 8 11 2
e 12 8 0
e 13 14 0
e 13 8 0
e 15 8 0
e 16 8 0
e 11 17 2
e 18 11 0
e 19 11 0
e 20 11 0
e 21 11 0
e 17 22 2
e 23 17 0
e 23 24 1
e 25 17 0
e 26 27 5
e 26 17 0
e 26 28 5
e 22 29 2
e 29 30 2
e 31 29 0
e 32 33 1
e 32 34 1
e 32 29 0
e 35 33 2
e 30 36 2
e 30 37 2
e 30 38 2
e 39 36 0
e 40 41 1
e 40 30 0
e 41 42 1
e 41 43 1
e 37 44 2
e 45 37 0
e 44 46 0
e 44 47 0
e 44 48 2
e 49 44 0
e 49 50 0
e 48 51 0
e 48 52 0
e 48 53 2
e 54 52 0
e 55 52 0
e 56 52 0
e 57 52 0
e 58 51 0
e 53 59 0
e 53 60 0
e 53 61 2
e 53 62 0
e 53 63 0
e 53 64 0
e 53 65 1
e 60 66 1
e 67 60 0
e 61 68 1
e 61 69 1
e 61 70 2
e 71 61 0
e 70 72 1
e 70 73 0
e 72 74 2
e 72 75 2
e 75 76 2
e 77 75 0
e 78 75 0
e 76 79 1
e 76 80 0
e 80 81 1
e 80 82 1
t # 39
v 0 0
v 1 2
v 2 0
v 3 0
v 4 4
v 5 0
v 6 4
v 7 0
v 8 0
v 9 0
v 10 0
v 11 4
v 12 0
v 13 0
v 14 0
v 15 0
v 16 4
v 17 0
v 18 0
v 19 0
v 20 4
v 21 0
v 22 0
v 23 4
v 24 0
v 25 0
v 26 0
e 0 1 2
e 0 2 2
e 3 0 0
e 4 0 0
e 5 0 0
e 6 0 0
e 2 7 2
e 2 8 1
e 2 9 2
e 9 8 1
e 7 10 2
e 11 12 1
e 11 13 5
e 11 14 5
e 11 7 0
e 10 15 2
e 16 17 5
e 16 10 0
e 17 18 5
e 17 19 5
e 17 20 5
e 21 22 5
e 21 10 0
e 23 15 0
e 15 24 2
e 24 25 2
e 25 26 1
t # 40
v 0 0
v 1 0
v 2 8
v 3 4
v 4 0
v 5 0
v 6 0
v 7 0
v 8 4
v 9 4
v 10 0
v 11 4
v 12 0
v 13 4
v 14 0
v 15 0
v 16 0
v 17 0
v 18 0
v 19 0
v 20 0
v 21 0
v 22 0
v 23 0
v 24 0
v 25 0
v 26 0
v 27 0
v 28 0
v 29 0
v 30 0
v 31 0
v 32 0
v 33 0
v 34 0
v 35 0
v 36 0
v 37 0
v 38 0
v 39 3
v 40 8
v 41 3
v 42 3
e 0 1 0
e 0 2 1
e 3 4 1
e 5 6 0
e 5 7 2
e 8 5 0
e 9 5 0
e 10 5 0
e 11 5 0
e 12 5 0
e 12 13 1
e 13 5 0
e 14 5 1
e 7 15 2
e 7 16 2
e 17 7 0
e 16 18 5
e 19 16 0
e 19 20 1
e 20 16 0
e 15 21 2
e 15 22 0
e 15 23 0
e 24 15 0
e 25 22 0
e 21 26 2
e 21 27 2
e 27 28 2
e 29 27 0
e 28 30 2
e 28 31 2
e 31 32 0
e 32 33 0
e 32 34 0
e 30 35 7
e 30 36 1
e 37 35 2
e 38 35 2
e 39 1 5
e 2 5 0
e 2 3 0
e 2 4 0
e 40 34 0
e 41 33 5
e 42 35 7
e 42 36 3
t # 41
v 0 0
v 1 0
v 2 0
v 3 0
v 4 0
v 5 4
v 6 0
v 7 0
v 8 0
v 9 4
v 10 0
v 11 0
v 12 0
v 13 0
v 14 0
v 15 0
v 16 0
v 17 0
v 18 0
v 19 0
v 20 0
v 21 4
v 22 0
v 23 0
v 24 0
v 25 0
v 26 0
v 27 6
v 28 0
v 29 0
v 30 0
v 31 0
v 32 0
v 33 0
v 34 0
v 35 0
v 36 0
v 37 0
v 38 0
v 39 0
v 40 0
v 41 0
v 42 0
v 43 0
v 44 0
v 45 0
v 46 0
v 47 0
v 48 0
v 49 0
v 50 0
v 51 0
v 52 0
v 53 0
v 54 0
v 55 0
v 56 0
v 57 0
v 58 0
v 59 0
v 60 0
v 61 0
v 62 0
v 63 0
v 64 0
v 65 0
v 66 0
v 67 0
e 0 1 2
e 2 3 1
e 2 0 0
e 2 4 1
e 4 0 0
e 3 0 0
e 5 6 1
e 5 0 0
e 1 7 1
e 1 8 2
e 7 9 0
e 7 10 0
e 7 11 0
e 7 12 0
e 7 13 0
e 8 14 2
e 8 15 0
e 16 8 0
e 17 8 0
e 14 18 0
e 14 19 2
e 20 14 0
e 21 14 0
e 22 14 0
e 23 14 0
e 24 14 1
e 24 25 1
e 24 26 1
e 24 27 1
e 27 28 5
e 19 29 2
e 30 19 0
e 31 19 0
e 29 32 2
e 32 33 0
e 32 34 0
e 32 35 0
e 32 36 0
e 32 37 2
e 38 32 0
e 39 32 0
e 37 40 2
e 37 41 2
e 41 42 2
e 43 41 0
e 44 41 0
e 45 41 0
e 42 46 0
e 42 47 0
e 42 48 2
e 48 49 2
e 50 48 0
e 49 51 2
e 49 52 2
e 51 53 2
e 51 54 2
e 51 55 2
e 51 56 2
e 51 57 2
e 58 53 0
e 57 59 2
e 60 57 0
e 59 61 2
e 62 63 1
e 62 59 0
e 61 64 1
e 61 65 3
e 61 66 1
e 65 67 0
t # 42
v 0 2
v 1 0
v 2 0
v 3 3
v 4 0
v 5 4
v 6 0
v 7 0
v 8 5
v 9 7
v 10 7
v 11 0
v 12 0
v 13 0
v 14 0
v 15 4
v 16 0
v 17 0
v 18 4
v 19 0
v 20 0
v 21 0
v 22 0
v 23 0
v 24 0
v 25 0
v 26 0
v 27 0
v 28 10
v 29 0
v 30 0
v 31 0
v 32 0
v 33 0
v 34 0
v 35 0
v 36 4
v 37 0
v 38 0
v 39 0
v 40 0
v 41 0
v 42 0
v 43 0
v 44 0
v 45 0
v 46 0
v 47 0
v 48 0
v 49 0
v 50 0
v 51 0
v 52 0
v 53 0
v 54 0
v 55 4
v 56 7
v 57 0
v 58 0
v 59 0
v 60 0
v 61 0
v 62 0
v 63 5
v 64 0
v 65 0
v 66 0
v 67 0
v 68 0
v 69 0
v 70 0
v 71 0
v 72 0
v 73 0
v 74 6
v 75 0
v 76 5
v 77 0
v 78 0
v 79 0
v 80 5
v 81 0
v 82 0
v 83 0
v 84 0
v 85 0
v 86 0
v 87 3
v 88 6
v 89 0
v 90 3
v 91 0
v 92 8
v 93 3
v 94 13
v 95 3
e 0 1 0
e 0 2 0
e 0 3 5
e 4 0 0
e 4 5 5
e 2 6 0
e 2 7 1
e 7 8 1
e 7 9 0
e 7 10 0
e 8 11 4
e 8 12 1
e 8 13 2
e 8 14 5
e 11 8 3
e 12 15 1
e 16 12 0
e 17 12 0
e 18 12 0
e 13 19 2
e 13 20 0
e 21 13 0
e 22 13 0
e 23 13 0
e 20 24 5
e 19 25 2
e 26 19 0
e 25 27 5
e 25 28 2
e 29 25 0
e 30 29 5
e 30 25 0
e 31 30 3
e 28 32 0
e 33 34 0
e 33 35 2
e 33 28 2
e 36 33 0
e 37 33 0
e 35 38 0
e 35 39 1
e 35 40 2
e 35 41 0
e 35 42 0
e 43 35 0
e 41 44 5
e 38 45 5
e 39 46 1
e 39 47 1
e 39 48 1
e 39 49 1
e 40 50 0
e 40 51 0
e 40 52 0
e 52 53 0
e 52 54 0
e 55 40 0
e 56 40 0
e 32 57 2
e 32 58 0
e 32 59 0
e 32 60 0
e 32 61 0
e 57 62 2
e 57 63 2
e 64 63 3
e 63 64 4
e 62 65 3
e 62 66 0
e 62 67 0
e 62 68 0
e 65 69 0
e 66 70 1
e 66 71 1
e 68 72 0
e 67 73 0
e 74 75 1
e 74 76 2
e 76 77 6
e 76 78 2
e 76 79 1
e 76 80 2
e 76 81 2
e 76 82 2
e 77 76 7
e 80 83 6
e 83 80 7
e 78 84 5
e 85 81 2
e 86 81 2
e 79 87 5
e 79 88 2
e 89 90 5
e 89 79 0
e 91 88 1
e 92 2 0
e 93 12 3
e 93 8 3
e 94 75 0
e 95 81 7
e 95 85 3
e 95 86 3
t # 43
v 0 2
v 1 0
v 2 11
v 3 0
v 4 0
v 5 1
v 6 0
v 7 0
v 8 4
v 9 0
v 10 8
v 11 0
v 12 0
v 13 0
v 14 0
v 15 0
v 16 0
v 17 4
v 18 0
v 19 4
v 20 0
v 21 0
v 22 0
v 23 0
v 24 0
v 25 0
v 26 0
v 27 0
v 28 0
v 29 0
v 30 0
v 31 0
v 32 0
v 33 0
v 34 0
v 35 0
v 36 0
v 37 0
v 38 10
v 39 4
v 40 0
v 41 5
v 42 0
v 43 0
v 44 0
v 45 0
v 46 0
v 47 0
v 48 0
v 49 0
v 50 6
v 51 4
v 52 0
v 53 0
v 54 0
v 55 0
v 56 0
v 57 0
v 58 0
v 59 0
v 60 0
v 61 0
v 62 0
v 63 0
v 64 0
v 65 0
v 66 0
v 67 0
v 68 0
v 69 0
v 70 0
v 71 0
v 72 0
v 73 0
v 74 0
v 75 0
v 76 12
v 77 3
v 78 8
v 79 13
v 80 3
e 0 1 0
e 0 2 1
e 0 3 1
e 0 4 0
e 0 5 1
e 1 6 5
e 4 7 0
e 4 8 0
e 4 9 0
e 8 10 3
e 9 11 0
e 9 12 2
e 13 9 0
e 14 9 1
e 15 9 1
e 12 16 2
e 17 12 0
e 18 12 0
e 19 12 1
e 20 12 1
e 16 21 2
e 22 23 5
e 22 16 0
e 22 24 0
e 22 25 0
e 26 16 1
e 21 27 2
e 27 28 2
e 27 29 2
e 27 30 2
e 31 27 3
e 29 32 0
e 29 30 2
e 29 33 0
e 34 28 2
e 28 35 1
e 36 28 0
e 37 28 0
e 38 28 0
e 35 39 1
e 35 40 1
e 41 42 4
e 42 41 3
e 42 39 0
e 40 43 1
e 40 44 2
e 40 45 2
e 45 46 0
e 45 47 2
e 45 48 0
e 49 47 0
e 50 47 1
e 51 50 0
e 44 52 2
e 44 53 2
e 44 54 2
e 54 53 7
e 52 55 2
e 52 56 2
e 55 57 2
e 55 58 2
e 59 55 1
e 60 58 3
e 61 57 2
e 57 62 2
e 57 63 1
e 63 64 5
e 63 65 5
e 62 66 2
e 67 62 2
e 68 69 5
e 68 62 3
e 66 70 2
e 71 66 2
e 72 66 2
e 73 70 0
e 74 70 1
e 75 74 2
e 76 30 0
e 77 28 7
e 77 34 3
e 78 71 0
e 78 66 0
e 79 78 0
e 80 75 3
e 80 74 7
t # 44
v 0 0
v 1 0
v 2 0
v 3 4
v 4 0
v 5 6
v 6 6
v 7 0
v 8 0
v 9 4
v 10 0
v 11 4
v 12 0
v 13 6
v 14 0
v 15 0
v 16 0
v 17 0
v 18 0
v 19 0
v 20 0
v 21 0
v 22 0
v 23 0
v 24 4
v 25 0
v 26 0
v 27 0
v 28 0
v 29 4
v 30 0
v 31 0
v 32 4
v 33 0
v 34 0
v 35 4
v 36 0
v 37 0
v 38 10
v 39 0
v 40 10
v 41 10
v 42 0
v 43 0
v 44 0
v 45 4
v 46 0
v 47 0
v 48 0
v 49 0
v 50 0
v 51 0
v 52 0
v 53 0
v 54 0
v 55 0
v 56 0
v 57 0
v 58 0
v 59 0
v 60 0
v 61 0
v 62 0
v 63 0
v 64 0
v 65 0
v 66 0
v 67 0
v 68 0
v 69 0
v 70 0
v 71 0
v 72 0
v 73 0
v 74 0
v 75 0
v 76 0
v 77 0
v 78 5
v 79 0
v 80 0
v 81 0
v 82 0
v 83 3
v 84 3
v 85 3
e 0 1 1
e 0 2 2
e 3 0 0
e 4 3 2
e 2 5 0
e 2 6 0
e 7 8 0
e 7 9 0
e 7 6 0
e 7 10 0
e 7 11 0
e 12 6 0
e 5 13 2
e 14 15 0
e 16 13 0
e 13 17 1
e 13 18 2
e 18 19 2
e 18 20 0
e 21 18 0
e 22 20 0
e 19 23 2
e 24 25 1
e 24 26 1
e 24 19 0
e 24 27 1
e 24 28 1
e 29 19 0
e 29 30 5
e 23 31 2
e 32 23 0
e 31 33 2
e 34 31 0
e 35 31 0
e 36 31 0
e 37 31 0
e 33 38 2
e 38 39 2
e 40 38 0
e 41 38 0
e 39 42 1
e 39 43 2
e 39 44 2
e 45 44 0
e 43 46 2
e 47 43 0
e 48 49 1
e 48 47 1
e 46 50 1
e 46 51 2
e 51 52 2
e 53 51 0
e 54 51 0
e 52 55 1
e 52 56 2
e 57 55 0
e 56 58 2
e 59 56 0
e 60 56 0
e 58 61 2
e 62 58 0
e 61 63 1
e 61 64 0
e 64 65 0
e 64 66 2
e 64 67 0
e 67 68 0
e 67 69 0
e 67 70 0
e 66 71 0
e 66 72 0
e 66 73 0
e 66 74 0
e 66 75 1
e 75 76 0
e 75 77 0
e 65 78 1
e 78 79 6
e 63 80 2
e 63 81 1
e 82 80 0
e 83 3 3
e 83 0 7
e 84 78 7
e 85 80 7
t # 45
v 0 0
v 1 0
v 2 0
v 3 0
v 4 4
v 5 0
v 6 0
v 7 3
v 8 0
v 9 4
v 10 0
v 11 0
v 12 0
v 13 0
v 14 4
v 15 0
v 16 0
v 17 5
v 18 0
v 19 3
v 20 0
v 21 0
v 22 4
v 23 0
v 24 0
v 25 0
v 26 0
v 27 0
v 28 0
v 29 0
v 30 4
v 31 0
v 32 0
v 33 0
v 34 0
v 35 0
v 36 0
v 37 4
v 38 0
v 39 0
v 40 0
v 41 0
v 42 0
v 43 0
v 44 4
v 45 0
v 46 4
v 47 0
v 48 0
v 49 0
v 50 0
v 51 3
v 52 0
v 53 0
v 54 5
v 55 0
v 56 4
v 57 0
v 58 0
v 59 0
v 60 0
v 61 8
v 62 3
e 0 1 0
e 0 2 0
e 0 3 1
e 4 0 0
e 4 5 5
e 6 0 0
e 5 7 5
e 8 9 5
e 8 10 0
e 8 0 1
e 8 11 0
e 10 12 0
e 13 1 2
e 14 1 2
e 14 13 0
e 15 16 0
e 16 1 2
e 17 18 6
e 17 19 5
e 17 16 2
e 18 17 7
e 2 20 1
e 2 21 2
e 2 22 1
e 21 23 1
e 21 24 2
e 25 21 0
e 26 21 0
e 27 21 0
e 28 21 0
e 29 21 0
e 30 21 0
e 24 31 2
e 32 24 0
e 33 24 0
e 34 24 0
e 35 24 0
e 31 36 2
e 37 31 0
e 38 31 0
e 39 31 0
e 40 41 1
e 40 31 0
e 40 42 1
e 36 43 2
e 44 36 0
e 43 45 2
e 46 43 0
e 45 47 2
e 45 48 2
e 49 45 0
e 47 50 1
e 47 51 5
e 50 52 0
e 50 53 0
e 50 54 0
e 50 55 0
e 50 56 0
e 54 57 8
e 54 56 2
e 53 58 0
e 53 59 0
e 60 48 0
e 61 12 0
e 62 13 5
t # 46
v 0 0
v 1 4
v 2 3
v 3 4
v 4 4
v 5 0
v 6 4
v 7 4
v 8 0
v 9 0
v 10 4
v 11 4
v 12 0
v 13 0
v 14 0
v 15 0
v 16 0
v 17 0
v 18 4
v 19 4
v 20 0
v 21 0
v 22 0
v 23 0
v 24 0
v 25 0
v 26 4
v 27 0
v 28 4
v 29 0
v 30 0
v 31 0
v 32 0
v 33 0
v 34 0
v 35 0
v 36 0
v 37 0
v 38 0
v 39 0
v 40 0
v 41 3
v 42 0
v 43 0
v 44 0
v 45 3
v 46 3
v 47 0
v 48 0
v 49 3
v 50 0
v 51 0
e 0 1 1
e 1 2 5
e 1 3 1
e 3 4 1
e 3 5 1
e 3 6 1
e 3 7 1
e 6 8 5
e 5 9 0
e 10 5 0
e 11 5 0
e 9 12 2
e 13 9 0
e 14 9 0
e 15 9 0
e 16 9 0
e 12 17 2
e 18 12 0
e 19 20 5
e 19 12 0
e 17 21 2
e 21 22 2
e 21 23 2
e 21 24 2
e 22 23 2
e 24 25 2
e 26 24 0
e 27 24 0
e 28 24 0
e 25 29 2
e 30 25 0
e 29 31 1
e 29 32 2
e 31 33 1
e 32 34 2
e 34 35 2
e 36 34 0
e 36 37 0
e 38 39 0
e 38 34 0
e 35 40 3
e 35 41 5
e 35 42 0
e 35 43 0
e 35 44 2
e 43 45 5
e 43 42 2
e 42 46 5
e 44 47 5
e 44 48 0
e 44 49 5
e 44 50 0
e 51 44 0
t # 47
v 0 2
v 1 0
v 2 0
v 3 0
v 4 0
v 5 0
v 6 0
v 7 4
v 8 0
v 9 4
v 10 4
v 11 0
v 12 4
v 13 0
v 14 0
v 15 0
v 16 0
v 17 0
v 18 0
v 19 4
v 20 4
v 21 4
v 22 0
v 23 0
v 24 0
v 25 4
v 26 0
v 27 0
v 28 0
v 29 0
v 30 4
v 31 0
v 32 0
v 33 4
v 34 0
v 35 0
v 36 6
v 37 4
v 38 0
v 39 4
v 40 0
v 41 4
v 42 4
v 43 0
v 44 4
v 45 4
v 46 4
v 47 0
v 48 0
v 49 0
v 50 0
v 51 0
v 52 0
v 53 0
v 54 0
v 55 0
v 56 4
v 57 0
v 58 4
v 59 0
v 60 0
v 61 0
v 62 0
v 63 0
v 64 0
v 65 0
v 66 0
v 67 3
v 68 0
v 69 0
v 70 3
v 71 0
v 72 3
v 73 0
v 74 0
v 75 0
v 76 4
v 77 0
v 78 0
v 79 3
v 80 0
v 81 3
v 82 0
e 0 1 1
e 0 2 1
e 1 3 0
e 4 1 0
e 5 1 0
e 6 1 0
e 7 1 0
e 8 1 0
e 9 1 0
e 10 1 0
e 3 11 1
e 12 3 0
e 11 13 0
e 11 14 1
e 13 15 0
e 13 16 0
e 13 17 1
e 13 18 1
e 19 16 3
e 20 16 3
e 18 21 0
e 18 22 0
e 18 23 0
e 18 24 0
e 24 25 1
e 23 26 2
e 23 27 2
e 27 28 2
e 29 27 0
e 30 27 0
e 31 27 0
e 28 32 2
e 33 28 0
e 32 34 2
e 32 35 0
e 35 36 2
e 37 32 0
e 38 32 0
e 39 32 0
e 34 40 2
e 41 34 0
e 42 34 0
e 43 34 0
e 44 34 0
e 45 34 0
e 46 34 0
e 40 47 2
e 40 48 2
e 48 49 2
e 50 48 0
e 49 51 2
e 52 49 0
e 53 49 0
e 54 49 0
e 51 55 2
e 56 51 0
e 55 57 2
e 58 55 0
e 59 55 0
e 60 55 0
e 61 55 0
e 57 62 2
e 57 63 2
e 57 64 1
e 63 65 2
e 63 66 2
e 65 67 5
e 65 68 2
e 65 69 2
e 68 70 5
e 68 69 0
e 68 71 5
e 69 72 5
e 66 73 0
e 66 74 0
e 75 74 7
e 76 77 0
e 76 66 1
e 73 78 0
e 79 13 7
e 79 80 3
e 81 18 7
e 81 82 3
e 72 71 3
t # 48
v 0 2
v 1 2
v 2 5
v 3 5
v 4 0
v 5 0
v 6 0
v 7 0
v 8 0
v 9 0
v 10 0
v 11 0
v 12 0
v 13 0
v 14 0
v 15 0
v 16 0
v 17 0
v 18 4
v 19 0
v 20 4
v 21 0
v 22 0
v 23 0
v 24 0
v 25 0
v 26 0
v 27 0
v 28 0
v 29 0
v 30 0
v 31 0
v 32 0
v 33 0
v 34 0
v 35 0
v 36 0
v 37 0
v 38 0
v 39 2
v 40 0
v 41 0
v 42 0
v 43 0
v 44 11
v 45 18
v 46 3
e 0 1 1
e 1 2 1
e 2 3 4
e 2 4 2
e 2 5 1
e 4 6 2
e 6 7 2
e 8 9 5
e 8 6 0
e 8 10 5
e 11 6 0
e 12 7 1
e 7 13 2
e 7 14 2
e 15 7 0
e 13 16 2
e 17 13 0
e 18 13 0
e 19 13 0
e 20 17 1
e 16 21 2
e 22 23 5
e 22 16 0
e 24 25 1
e 24 16 0
e 21 26 2
e 27 21 0
e 28 29 5
e 28 21 0
e 29 30 1
e 31 21 0
e 26 32 1
e 33 34 5
e 33 35 5
e 33 26 0
e 36 26 0
e 37 26 0
e 32 38 2
e 39 32 0
e 38 40 0
e 38 41 0
e 38 42 0
e 38 43 2
e 43 44 2
e 44 45 2
e 46 3 3
t # 49
v 0 11
v 1 1
v 2 1
v 3 1
v 4 11
v 5 5
v 6 3
v 7 0
v 8 0
v 9 0
v 10 4
v 11 0
v 12 0
v 13 0
v 14 0
v 15 0
v 16 0
v 17 4
v 18 0
v 19 0
v 20 5
v 21 3
v 22 0
v 23 0
v 24 0
v 25 0
v 26 0
v 27 0
v 28 4
v 29 4
v 30 0
v 31 0
v 32 0
v 33 0
v 34 0
v 35 0
v 36 0
v 37 0
v 38 5
v 39 0
v 40 0
e 0 1 0
e 0 2 0
e 0 3 0
e 0 4 0
e 0 5 0
e 1 2 2
e 1 6 5
e 5 7 4
e 5 8 2
e 7 5 3
e 9 5 3
e 10 5 3
e 11 8 2
e 8 12 2
e 8 13 2
e 14 13 0
e 15 13 1
e 12 16 2
e 17 12 1
e 16 18 1
e 19 20 7
e 19 21 5
e 19 22 2
e 19 16 3
e 20 23 6
e 23 20 7
e 24 22 2
e 25 24 0
e 22 26 0
e 26 27 2
e 28 26 0
e 29 26 0
e 30 26 1
e 31 26 1
e 27 32 2
e 33 27 0
e 32 34 2
e 35 32 0
e 34 36 0
e 34 37 2
e 34 38 2
e 39 38 3
e 38 39 8
e 38 40 1
e 21 20 7
t # 50
v 0 0
v 1 2
v 2 0
v 3 4
v 4 3
v 5 0
v 6 4
v 7 0
v 8 0
v 9 3
v 10 0
v 11 0
v 12 0
v 13 4
v 14 2
v 15 0
v 16 0
v 17 0
v 18 0
v 19 0
v 20 0
v 21 0
v 22 4
v 23 0
v 24 0
v 25 0
v 26 0
v 27 0
v 28 0
v 29 0
v 30 0
v 31 0
v 32 0
v 33 0
v 34 6
v 35 0
v 36 0
v 37 0
v 38 0
v 39 6
v 40 0
v 41 0
v 42 4
v 43 0
v 44 0
v 45 0
v 46 2
v 47 2
v 48 3
v 49 13
e 0 1 1
e 0 2 2
e 3 4 5
e 3 0 0
e 5 0 0
e 6 0 0
e 2 7 5
e 2 8 2
e 2 9 5
e 2 10 1
e 7 10 1
e 11 12 0
e 11 13 0
e 11 2 1
e 11 7 1
e 14 15 0
e 14 2 2
e 8 16 2
e 17 8 0
e 18 8 0
e 19 8 0
e 20 8 1
e 16 21 2
e 22 16 0
e 23 16 0
e 24 16 0
e 25 16 0
e 26 16 0
e 21 27 2
e 28 21 0
e 27 29 2
e 30 27 0
e 30 31 0
e 32 33 0
e 32 29 0
e 32 34 0
e 32 35 0
e 33 34 2
e 36 34 0
e 37 35 7
e 35 38 2
e 38 39 0
e 38 40 2
e 41 39 1
e 42 39 1
e 40 43 0
e 40 44 5
e 40 45 1
e 45 46 0
e 45 47 0
e 45 48 5
e 49 45 0
t # 51
v 0 0
v 1 0
v 2 0
v 3 0
v 4 0
v 5 0
v 6 4
v 7 4
v 8 4
v 9 4
v 10 4
v 11 0
v 12 3
v 13 0
v 14 0
v 15 0
v 16 0
v 17 0
v 18 0
v 19 0
v 20 5
v 21 0
v 22 4
v 23 0
v 24 0
v 25 4
v 26 0
v 27 0
v 28 0
v 29 0
v 30 0
v 31 0
v 32 0
v 33 0
v 34 0
v 35 0
v 36 0
v 37 0
v 38 0
v 39 0
v 40 0
v 41 0
v 42 0
v 43 0
v 44 0
v 45 0
v 46 0
v 47 0
v 48 0
v 49 0
v 50 0
v 51 0
v 52 0
v 53 0
v 54 0
v 55 0
v 56 0
v 57 0
v 58 0
v 59 0
v 60 0
v 61 0
v 62 0
v 63 0
v 64 0
v 65 0
v 66 0
v 67 0
v 68 0
v 69 0
v 70 0
v 71 0
v 72 0
v 73 0
v 74 0
v 75 0
v 76 0
v 77 0
v 78 0
v 79 0
v 80 0
v 81 0
v 82 0
v 83 0
v 84 0
v 85 0
v 86 0
v 87 0
v 88 0
v 89 0
v 90 0
v 91 0
v 92 0
v 93 0
v 94 0
v 95 0
v 96 12
v 97 8
v 98 3
e 0 1 5
e 1 2 5
e 3 4 1
e 3 2 1
e 4 5 2
e 6 4 0
e 7 4 0
e 8 4 0
e 9 4 0
e 10 4 0
e 11 12 5
e 5 13 0
e 5 14 0
e 5 15 0
e 5 16 0
e 5 17 0
e 5 18 0
e 18 19 5
e 20 18 5
e 21 13 0
e 22 15 0
e 22 23 5
e 14 24 1
e 25 17 5
e 17 26 2
e 26 27 0
e 26 28 2
e 27 29 0
e 27 30 0
e 31 27 0
e 29 32 5
e 33 27 0
e 33 34 5
e 28 35 2
e 36 37 2
e 36 38 2
e 36 35 2
e 35 39 1
e 39 40 0
e 39 41 2
e 39 42 0
e 41 43 0
e 41 44 5
e 41 45 0
e 41 46 0
e 41 47 0
e 41 48 0
e 41 49 0
e 43 50 0
e 43 51 0
e 43 52 0
e 48 53 0
e 48 54 0
e 48 55 0
e 45 56 0
e 45 57 5
e 46 58 0
e 46 59 0
e 46 60 0
e 46 61 0
e 47 62 0
e 47 63 0
e 47 64 0
e 44 65 0
e 44 66 0
e 44 67 0
e 44 68 0
e 44 69 0
e 44 70 0
e 71 69 5
e 70 72 0
e 70 73 0
e 70 74 0
e 70 75 0
e 70 76 0
e 73 77 5
e 76 78 5
e 65 79 0
e 65 80 0
e 65 81 0
e 66 82 1
e 66 83 0
e 66 84 0
e 68 85 1
e 67 86 0
e 67 87 2
e 67 88 2
e 88 86 0
e 87 89 5
e 87 90 2
e 87 91 5
e 90 92 2
e 92 93 2
e 93 94 1
e 93 95 1
e 96 90 5
e 97 92 0
e 98 93 7
t # 52
v 0 0
v 1 0
v 2 0
v 3 0
v 4 0
v 5 4
v 6 0
v 7 0
v 8 0
v 9 0
v 10 0
v 11 0
v 12 0
v 13 0
v 14 0
v 15 0
v 16 0
v 17 0
v 18 0
v 19 0
v 20 0
v 21 0
v 22 0
v 23 0
v 24 0
v 25 0
v 26 0
v 27 8
e 0 1 0
e 0 2 1
e 3 0 0
e 1 4 2
e 1 5 1
e 1 6 2
e 1 7 0
e 1 8 2
e 1 9 2
e 1 10 5
e 5 8 0
e 8 6 2
e 11 6 3
e 4 12 1
e 13 9 2
e 9 14 1
e 14 15 1
e 14 16 1
e 14 17 1
e 18 16 2
e 19 16 2
e 17 20 2
e 21 17 0
e 20 22 2
e 15 23 2
e 15 24 2
e 23 25 0
e 23 26 0
e 25 26 2
e 27 9 0
t # 53
v 0 0
v 1 0
v 2 0
v 3 0
v 4 0
v 5 0
v 6 0
v 7 0
v 8 0
v 9 0
v 10 0
v 11 4
v 12 2
v 13 0
v 14 2
v 15 0
v 16 0
v 17 0
v 18 0
v 19 6
v 20 0
v 21 0
v 22 0
v 23 0
v 24 0
v 25 5
v 26 0
v 27 0
v 28 10
v 29 0
v 30 0
v 31 0
v 32 0
v 33 0
v 34 0
v 35 0
v 36 0
v 37 0
v 38 0
v 39 0
v 40 0
v 41 0
v 42 0
v 43 0
v 44 6
v 45 0
v 46 0
v 47 0
v 48 0
v 49 0
v 50 0
v 51 0
v 52 0
v 53 0
v 54 0
v 55 5
v 56 0
v 57 0
v 58 0
v 59 0
v 60 0
v 61 5
v 62 0
v 63 0
v 64 5
v 65 0
v 66 0
v 67 0
v 68 0
v 69 0
v 70 0
v 71 0
v 72 0
v 73 0
v 74 0
v 75 0
v 76 3
v 77 0
v 78 0
v 79 0
v 80 0
v 81 0
v 82 8
v 83 0
v 84 0
v 85 0
v 86 0
v 87 0
v 88 0
v 89 0
v 90 0
v 91 3
v 92 3
v 93 3
v 94 3
v 95 20
v 96 3
v 97 3
v 98 0
e 0 1 1
e 2 3 2
e 2 0 2
e 2 4 2
e 3 5 1
e 3 6 1
e 4 7 1
e 4 8 2
e 8 9 5
e 8 10 1
e 10 11 1
e 10 12 1
e 12 13 1
e 12 14 1
e 14 15 1
e 14 16 1
e 14 17 1
e 13 18 1
e 13 19 2
e 13 20 5
e 21 22 0
e 21 19 0
e 18 23 1
e 18 24 0
e 18 25 0
e 25 26 4
e 27 24 0
e 23 28 1
e 23 29 1
e 23 30 2
e 30 31 2
e 30 32 0
e 30 33 0
e 30 34 1
e 30 35 1
e 36 30 0
e 37 30 0
e 38 30 0
e 39 30 0
e 40 30 0
e 35 41 1
e 35 42 1
e 35 43 1
e 43 44 1
e 31 45 2
e 46 31 0
e 45 47 1
e 48 45 0
e 49 45 0
e 50 45 0
e 51 45 0
e 52 45 0
e 47 53 1
e 53 54 1
e 54 55 2
e 54 56 0
e 57 54 0
e 55 58 4
e 55 59 4
e 55 60 4
e 55 61 1
e 55 62 1
e 59 55 3
e 60 55 3
e 61 63 6
e 63 61 7
e 58 55 3
e 64 58 8
e 62 65 1
e 65 66 1
e 65 67 5
e 68 65 0
e 69 65 0
e 70 65 0
e 71 65 0
e 72 65 0
e 73 65 0
e 74 65 0
e 66 75 2
e 75 76 1
e 75 77 1
e 75 78 0
e 78 79 0
e 78 80 0
e 77 81 0
e 77 82 2
e 83 82 0
e 84 85 1
e 86 87 0
e 88 89 1
e 88 90 1
e 91 7 7
e 92 9 5
e 93 12 5
e 94 95 5
e 96 64 7
e 97 78 5
e 82 90 1
e 82 98 1
e 82 84 0
e 82 87 0
t # 54
v 0 0
v 1 4
v 2 0
v 3 0
v 4 0
v 5 0
v 6 4
v 7 0
v 8 21
v 9 0
v 10 0
v 11 22
v 12 0
v 13 22
v 14 0
v 15 0
v 16 0
v 17 0
v 18 0
v 19 0
v 20 0
v 21 0
v 22 0
v 23 0
v 24 4
v 25 0
v 26 0
v 27 4
v 28 4
v 29 0
v 30 8
v 31 0
v 32 0
v 33 3
v 34 0
v 35 0
v 36 0
v 37 0
v 38 0
v 39 0
v 40 6
v 41 0
v 42 0
v 43 0
v 44 0
v 45 0
v 46 0
v 47 4
v 48 0
v 49 0
v 50 4
v 51 0
v 52 0
v 53 0
v 54 0
v 55 4
v 56 0
v 57 0
v 58 0
v 59 0
v 60 0
v 61 0
v 62 0
v 63 0
v 64 0
v 65 0
v 66 0
v 67 0
v 68 5
v 69 0
v 70 0
v 71 0
v 72 0
v 73 0
v 74 0
v 75 0
v 76 0
v 77 0
v 78 0
v 79 0
v 80 8
v 81 8
v 82 3
v 83 0
e 0 1 1
e 0 2 1
e 0 3 1
e 0 4 2
e 5 0 0
e 5 6 5
e 7 0 2
e 7 8 2
e 7 9 1
e 9 10 1
e 9 11 1
e 11 12 1
e 11 13 1
e 14 12 1
e 14 15 2
e 15 12 0
e 4 16 1
e 4 17 2
e 18 4 0
e 19 4 0
e 20 4 0
e 17 21 1
e 17 22 0
e 17 23 2
e 24 17 0
e 21 17 0
e 25 17 0
e 26 17 0
e 27 22 0
e 28 22 0
e 23 29 2
e 23 30 2
e 23 31 2
e 29 32 0
e 32 33 5
e 34 35 0
e 36 37 2
e 38 36 0
e 37 39 2
e 39 40 0
e 39 41 2
e 42 39 0
e 41 43 0
e 44 43 0
e 45 39 0
e 40 46 2
e 47 40 0
e 46 48 2
e 46 49 1
e 50 46 0
e 50 51 0
e 51 46 2
e 52 46 0
e 53 46 0
e 54 46 0
e 55 46 0
e 56 46 0
e 57 46 0
e 49 58 1
e 48 59 2
e 60 48 0
e 59 61 0
e 59 62 2
e 63 59 2
e 62 64 2
e 65 62 0
e 66 62 1
e 64 67 5
e 64 68 1
e 69 70 0
e 68 69 9
e 68 71 1
e 71 72 2
e 73 71 0
e 74 71 0
e 75 71 0
e 76 71 0
e 77 71 0
e 72 78 1
e 78 79 5
e 80 7 0
e 30 35 0
e 30 36 0
e 81 70 0
e 82 72 7
e 82 83 3
t # 55
v 0 2
v 1 4
v 2 0
v 3 0
v 4 0
v 5 0
v 6 0
v 7 0
v 8 0
v 9 0
v 10 4
v 11 0
v 12 0
v 13 0
v 14 0
v 15 4
v 16 4
v 17 0
v 18 0
e 0 1 1
e 1 2 0
e 2 3 2
e 2 4 0
e 2 5 0
e 2 6 0
e 7 2 0
e 6 8 5
e 9 6 0
e 10 11 0
e 10 6 0
e 11 12 1
e 11 8 3
e 11 13 1
e 11 6 3
e 3 14 2
e 15 3 0
e 16 14 7
e 14 17 2
e 18 17 1
t # 56
v 0 0
v 1 0
v 2 0
v 3 0
v 4 0
v 5 0
v 6 2
v 7 0
v 8 0
v 9 0
v 10 0
v 11 0
v 12 0
v 13 0
v 14 0
v 15 0
v 16 0
v 17 0
v 18 0
v 19 0
v 20 0
v 21 0
v 22 0
v 23 13
v 24 0
v 25 8
e 0 1 1
e 1 2 2
e 1 3 2
e 1 4 2
e 2 5 2
e 2 6 5
e 5 7 0
e 5 8 2
e 7 9 5
e 10 5 0
e 11 5 0
e 11 12 5
e 12 13 5
e 12 14 5
e 8 15 2
e 16 15 0
e 17 15 0
e 15 18 2
e 15 19 1
e 18 20 2
e 21 18 1
e 20 22 0
e 20 23 5
e 20 24 5
e 25 22 0
t # 57
v 0 2
v 1 2
v 2 2
v 3 2
v 4 0
v 5 0
v 6 0
v 7 0
v 8 0
v 9 5
v 10 0
v 11 0
v 12 0
v 13 0
v 14 0
v 15 4
v 16 0
v 17 0
v 18 0
v 19 0
v 20 0
v 21 0
v 22 4
v 23 4
v 24 0
v 25 0
v 26 0
v 27 0
v 28 0
v 29 0
v 30 0
v 31 0
v 32 0
v 33 0
v 34 0
v 35 0
v 36 0
v 37 0
v 38 0
v 39 0
v 40 0
v 41 0
v 42 0
v 43 0
v 44 0
v 45 4
v 46 0
v 47 0
v 48 0
v 49 0
v 50 0
v 51 3
v 52 3
v 53 12
v 54 12
v 55 3
e 0 1 1
e 0 2 1
e 0 3 1
e 2 4 1
e 5 6 2
e 5 7 1
e 4 8 2
e 9 4 0
e 8 10 2
e 11 8 0
e 12 8 0
e 13 8 0
e 14 8 0
e 15 8 0
e 10 16 0
e 10 17 2
e 10 18 0
e 10 19 0
e 20 10 0
e 21 10 0
e 18 22 1
e 18 23 1
e 17 24 1
e 17 25 2
e 26 17 0
e 27 17 0
e 28 17 0
e 24 29 1
e 30 17 0
e 31 30 0
e 25 32 2
e 33 32 2
e 32 34 5
e 32 35 2
e 35 36 2
e 35 37 2
e 35 38 5
e 38 39 1
e 36 40 1
e 37 41 2
e 42 37 0
e 41 43 2
e 41 44 0
e 44 45 1
e 46 44 0
e 43 47 2
e 47 48 2
e 48 49 1
e 49 50 1
e 51 2 7
e 52 7 7
e 53 36 1
e 54 36 1
e 55 50 7
t # 58
v 0 2
v 1 0
v 2 0
v 3 0
v 4 4
v 5 0
v 6 0
v 7 0
v 8 0
v 9 0
v 10 0
v 11 0
v 12 0
v 13 0
v 14 0
v 15 0
v 16 4
v 17 6
v 18 0
v 19 0
v 20 4
v 21 0
v 22 0
v 23 0
v 24 13
e 0 1 1
e 1 2 5
e 3 1 3
e 3 4 1
e 4 1 0
e 2 5 1
e 2 6 1
e 2 7 0
e 2 8 2
e 9 2 0
e 7 10 0
e 11 7 0
e 12 10 1
e 8 13 5
e 8 14 2
e 15 8 0
e 16 8 0
e 14 17 2
e 14 18 2
e 17 19 1
e 20 17 0
e 21 17 0
e 19 22 5
e 18 23 5
e 24 17 0
e 24 19 0
t # 59
v 0 0
v 1 0
v 2 0
v 3 4
v 4 0
v 5 0
v 6 0
v 7 0
v 8 0
v 9 0
v 10 0
v 11 0
v 12 0
v 13 4
v 14 4
v 15 0
v 16 0
v 17 0
v 18 4
v 19 0
v 20 0
v 21 0
v 22 0
v 23 0
v 24 0
v 25 4
v 26 0
v 27 4
v 28 0
v 29 0
v 30 0
v 31 0
v 32 0
v 33 0
v 34 0
v 35 0
v 36 0
v 37 0
v 38 0
v 39 0
v 40 0
v 41 0
v 42 0
v 43 0
v 44 0
v 45 0
v 46 0
v 47 0
v 48 0
v 49 0
v 50 0
v 51 0
v 52 0
v 53 0
v 54 4
v 55 4
v 56 0
v 57 0
v 58 4
v 59 2
v 60 8
e 0 1 3
e 2 0 0
e 3 1 0
e 1 4 2
e 5 1 0
e 6 1 2
e 7 6 0
e 8 1 2
e 9 1 2
e 4 10 2
e 4 11 1
e 10 12 2
e 13 10 0
e 13 14 1
e 12 15 5
e 12 16 2
e 17 12 0
e 17 18 1
e 17 19 1
e 20 16 0
e 16 21 2
e 22 16 0
e 21 23 2
e 24 21 0
e 25 21 0
e 26 21 0
e 27 21 0
e 23 28 2
e 29 23 1
e 28 30 2
e 28 31 0
e 32 28 0
e 32 31 0
e 30 33 2
e 30 34 2
e 34 35 2
e 36 34 0
e 35 37 2
e 35 38 2
e 39 35 0
e 40 35 0
e 41 37 0
e 42 37 0
e 43 37 0
e 38 44 2
e 44 45 2
e 46 44 0
e 47 44 0
e 48 44 0
e 45 49 2
e 49 50 2
e 49 51 1
e 50 52 5
e 53 50 0
e 54 55 1
e 54 50 0
e 54 56 1
e 56 57 1
e 58 57 0
e 59 57 0
e 60 10 0
t # 60
v 0 0
v 1 0
v 2 0
v 3 0
v 4 4
v 5 0
v 6 0
v 7 4
v 8 0
v 9 0
v 10 0
v 11 0
v 12 0
v 13 0
v 14 4
v 15 4
v 16 0
v 17 0
v 18 0
v 19 0
v 20 0
v 21 4
v 22 4
v 23 0
v 24 0
v 25 0
v 26 0
v 27 0
v 28 0
v 29 4
v 30 0
v 31 0
v 32 0
v 33 0
v 34 4
v 35 0
v 36 4
v 37 4
v 38 0
v 39 0
v 40 0
v 41 0
v 42 0
v 43 13
v 44 3
v 45 3
e 0 1 0
e 2 3 3
e 2 1 1
e 2 4 1
e 3 5 2
e 3 6 0
e 7 6 0
e 8 6 0
e 5 9 2
e 5 10 0
e 5 11 0
e 12 5 0
e 13 5 0
e 14 5 0
e 15 5 0
e 10 16 0
e 10 17 0
e 10 18 0
e 10 19 0
e 9 20 2
e 21 9 0
e 22 9 0
e 23 9 0
e 24 9 0
e 25 24 1
e 20 26 2
e 27 20 0
e 27 28 5
e 28 29 5
e 26 30 0
e 26 31 2
e 32 26 0
e 31 33 2
e 34 31 0
e 35 33 0
e 33 36 0
e 33 37 0
e 33 38 2
e 38 39 1
e 38 40 2
e 40 41 2
e 42 43 3
e 42 41 2
e 44 1 3
e 45 13 7
t # 61
v 0 2
v 1 2
v 2 2
v 3 2
v 4 2
v 5 0
v 6 0
v 7 0
v 8 0
v 9 0
v 10 4
v 11 5
v 12 0
v 13 0
v 14 0
v 15 4
v 16 0
v 17 0
v 18 0
v 19 0
v 20 0
v 21 0
v 22 0
v 23 0
v 24 0
v 25 0
v 26 0
v 27 0
v 28 0
v 29 4
v 30 0
v 31 4
v 32 4
v 33 6
v 34 0
v 35 0
v 36 0
v 37 4
v 38 0
v 39 4
v 40 4
v 41 4
v 42 0
v 43 0
v 44 0
v 45 0
v 46 0
v 47 0
v 48 0
v 49 0
v 50 0
v 51 0
v 52 0
v 53 10
v 54 0
v 55 4
v 56 4
v 57 0
v 58 0
v 59 0
v 60 0
v 61 0
v 62 4
v 63 0
v 64 0
v 65 0
v 66 0
v 67 0
v 68 4
v 69 4
v 70 0
v 71 0
v 72 0
v 73 0
v 74 0
v 75 4
v 76 0
v 77 0
v 78 5
v 79 0
v 80 0
v 81 0
v 82 0
v 83 0
v 84 4
v 85 0
v 86 3
v 87 3
e 0 1 1
e 0 2 1
e 0 3 1
e 0 4 1
e 2 5 1
e 6 7 0
e 7 8 2
e 9 7 0
e 9 10 0
e 9 11 1
e 12 7 0
e 12 11 1
e 13 14 0
e 13 7 0
e 13 15 0
e 13 11 1
e 16 6 5
e 17 8 0
e 8 18 2
e 19 8 0
e 19 20 1
e 21 22 5
e 21 23 1
e 21 8 1
e 23 24 1
e 25 26 5
e 25 8 1
e 27 26 5
e 28 8 0
e 29 8 0
e 18 30 2
e 31 32 1
e 31 18 0
e 30 33 2
e 33 34 2
e 35 33 0
e 34 36 2
e 37 34 0
e 37 38 1
e 39 40 1
e 39 34 0
e 36 41 1
e 36 42 2
e 43 36 0
e 44 42 2
e 42 45 1
e 42 46 1
e 42 47 2
e 42 48 1
e 42 49 2
e 45 50 1
e 50 51 1
e 48 52 1
e 53 48 2
e 54 48 0
e 54 55 1
e 54 56 1
e 54 57 1
e 47 58 2
e 47 59 5
e 47 60 1
e 61 62 1
e 61 47 0
e 63 60 1
e 60 64 1
e 64 65 1
e 64 66 5
e 58 67 2
e 67 68 1
e 67 69 1
e 67 70 1
e 67 71 2
e 72 70 1
e 71 73 2
e 71 74 1
e 74 75 1
e 73 76 1
e 73 77 0
e 73 78 0
e 78 79 6
e 78 80 1
e 78 81 1
e 78 82 1
e 77 83 0
e 84 83 0
e 85 83 0
e 86 6 7
e 86 5 3
e 87 16 7
e 87 11 3
t # 62
v 0 0
v 1 0
v 2 4
v 3 0
v 4 0
v 5 4
v 6 0
v 7 0
v 8 4
v 9 0
v 10 0
v 11 0
v 12 0
v 13 0
v 14 0
v 15 0
v 16 0
v 17 3
e 0 1 0
e 2 0 0
e 2 3 0
e 2 4 1
e 3 5 5
e 3 6 5
e 1 7 2
e 8 1 0
e 7 9 2
e 10 7 0
e 9 11 2
e 9 12 2
e 12 13 0
e 12 14 0
e 15 16 1
e 15 12 7
e 17 2 3
e 17 0 7
t # 63
v 0 2
v 1 0
v 2 11
v 3 2
v 4 0
v 5 0
v 6 0
v 7 0
v 8 0
v 9 0
v 10 4
v 11 4
v 12 0
v 13 0
v 14 0
v 15 12
v 16 0
v 17 0
v 18 0
v 19 0
v 20 0
v 21 0
v 22 0
v 23 0
v 24 0
v 25 0
v 26 3
v 27 0
v 28 0
v 29 4
v 30 4
v 31 0
v 32 4
v 33 0
v 34 4
v 35 4
v 36 4
v 37 0
v 38 0
v 39 0
v 40 0
v 41 0
v 42 0
v 43 0
v 44 0
v 45 0
v 46 0
v 47 0
v 48 0
v 49 0
v 50 0
v 51 0
v 52 4
v 53 4
v 54 0
v 55 0
v 56 0
v 57 0
v 58 0
v 59 0
v 60 0
v 61 3
v 62 0
v 63 0
v 64 0
v 65 0
v 66 2
v 67 2
v 68 2
v 69 2
v 70 3
v 71 3
v 72 3
v 73 3
e 0 1 0
e 0 2 0
e 0 3 0
e 1 4 5
e 1 5 5
e 6 1 0
e 6 4 0
e 5 7 1
e 5 8 5
e 5 9 2
e 9 10 5
e 9 11 2
e 11 12 1
e 7 13 5
e 7 14 2
e 14 15 2
e 16 14 7
e 17 15 3
e 18 19 5
e 18 20 2
e 21 18 0
e 22 20 3
e 20 23 2
e 23 24 2
e 23 25 2
e 24 26 5
e 25 27 0
e 25 28 0
e 29 25 2
e 28 30 1
e 28 31 1
e 32 28 0
e 31 33 1
e 33 34 1
e 33 35 1
e 33 36 1
e 36 37 5
e 38 34 0
e 35 39 1
e 27 40 2
e 27 41 1
e 42 27 2
e 40 43 2
e 44 40 0
e 44 45 1
e 45 40 0
e 43 46 2
e 47 43 2
e 46 48 0
e 46 49 0
e 46 50 7
e 46 51 1
e 49 52 2
e 49 53 2
e 53 54 7
e 48 55 2
e 56 55 0
e 57 50 7
e 57 58 2
e 50 59 1
e 50 60 2
e 58 61 5
e 58 62 5
e 60 63 2
e 63 64 1
e 63 65 1
e 66 67 0
e 66 68 0
e 66 69 0
e 64 66 2
e 15 18 2
e 70 25 7
e 70 29 3
e 71 43 7
e 71 47 3
e 72 50 7
e 72 57 3
e 73 60 7
t # 64
v 0 2
v 1 0
v 2 0
v 3 0
v 4 0
v 5 0
v 6 4
v 7 4
v 8 4
v 9 0
v 10 0
v 11 0
v 12 0
v 13 0
v 14 0
v 15 0
v 16 0
v 17 0
v 18 0
v 19 0
v 20 4
v 21 4
v 22 0
v 23 0
v 24 4
v 25 0
v 26 0
v 27 0
v 28 4
v 29 10
v 30 0
v 31 0
v 32 0
v 33 0
v 34 0
v 35 4
v 36 4
v 37 0
v 38 0
v 39 0
v 40 0
v 41 0
v 42 0
v 43 0
v 44 0
v 45 0
v 46 0
v 47 0
v 48 0
v 49 0
v 50 4
v 51 4
v 52 10
v 53 0
v 54 4
v 55 0
v 56 0
v 57 0
v 58 0
v 59 0
v 60 0
v 61 0
v 62 0
v 63 0
v 64 0
v 65 0
v 66 10
v 67 0
v 68 0
v 69 4
v 70 4
v 71 4
v 72 5
v 73 8
v 74 0
v 75 0
v 76 0
v 77 4
v 78 0
v 79 4
v 80 0
v 81 0
v 82 3
v 83 3
v 84 3
v 85 8
v 86 3
v 87 3
e 0 1 1
e 0 2 1
e 1 3 1
e 1 4 2
e 5 1 0
e 6 4 0
e 7 4 0
e 7 8 1
e 9 10 0
e 9 11 0
e 9 12 2
e 9 13 0
e 14 9 0
e 15 9 0
e 16 17 5
e 18 9 0
e 18 16 0
e 19 13 1
e 20 13 0
e 21 9 0
e 22 9 1
e 23 10 1
e 23 24 1
e 24 25 5
e 26 9 1
e 26 27 1
e 27 28 5
e 11 29 1
e 30 31 1
e 31 9 0
e 31 32 5
e 31 33 1
e 34 9 0
e 34 35 5
e 34 36 5
e 37 9 0
e 37 38 1
e 38 39 5
e 39 40 1
e 41 9 0
e 42 9 0
e 12 43 1
e 12 44 1
e 12 45 2
e 46 12 2
e 47 12 0
e 48 49 5
e 48 50 5
e 48 51 5
e 48 52 1
e 48 12 0
e 48 53 5
e 51 54 5
e 51 55 5
e 56 12 0
e 57 45 0
e 45 58 2
e 58 59 1
e 58 60 2
e 58 61 2
e 62 58 0
e 63 58 0
e 59 64 1
e 65 60 1
e 66 60 0
e 61 67 0
e 61 68 2
e 69 67 0
e 70 67 0
e 71 67 0
e 72 73 7
e 68 74 2
e 68 75 0
e 76 77 5
e 77 78 5
e 78 79 5
e 74 80 2
e 81 80 0
e 82 1 7
e 83 4 7
e 84 9 7
e 85 12 0
e 86 61 7
e 73 68 0
e 87 74 7
t # 65
v 0 0
v 1 0
v 2 11
v 3 0
v 4 0
v 5 0
v 6 0
v 7 0
v 8 6
v 9 0
v 10 0
v 11 0
v 12 5
v 13 0
v 14 0
v 15 0
v 16 3
e 0 1 1
e 0 2 0
e 0 3 0
e 4 3 0
e 5 3 0
e 1 6 1
e 1 7 1
e 1 8 0
e 8 9 2
e 7 10 0
e 7 11 2
e 7 12 2
e 7 13 2
e 12 14 6
e 14 12 7
e 13 15 2
e 16 0 5
t # 66
v 0 0
v 1 3
v 2 0
v 3 11
v 4 0
v 5 0
v 6 0
v 7 0
v 8 4
v 9 0
v 10 5
v 11 0
v 12 4
v 13 4
e 0 1 5
e 0 2 0
e 0 3 0
e 2 4 2
e 5 2 0
e 4 6 5
e 4 7 2
e 8 4 0
e 7 9 5
e 9 10 2
e 9 11 2
e 10 12 6
e 12 10 7
e 13 11 0
t # 67
v 0 2
v 1 0
v 2 18
v 3 0
v 4 0
v 5 0
v 6 0
v 7 4
v 8 0
v 9 0
v 10 0
v 11 10
v 12 0
v 13 9
v 14 0
v 15 0
v 16 0
v 17 0
v 18 0
v 19 0
v 20 0
v 21 5
v 22 0
v 23 0
v 24 4
v 25 0
v 26 0
v 27 0
v 28 0
v 29 0
v 30 0
v 31 0
v 32 3
e 0 1 0
e 2 0 1
e 1 3 0
e 4 5 5
e 4 6 5
e 4 1 1
e 4 7 5
e 7 8 5
e 7 9 5
e 10 3 0
e 3 11 2
e 3 12 1
e 13 11 0
e 11 14 2
e 11 15 1
e 16 13 1
e 17 15 0
e 17 18 1
e 18 19 5
e 14 20 1
e 20 21 0
e 20 22 1
e 21 23 2
e 24 21 3
e 25 23 0
e 26 27 0
e 26 28 0
e 29 28 0
e 30 28 0
e 31 22 1
e 32 14 3
t # 68
v 0 0
v 1 11
v 2 4
v 3 0
v 4 4
v 5 0
v 6 0
v 7 0
v 8 0
v 9 0
v 10 0
v 11 0
v 12 0
v 13 6
e 0 1 2
e 2 3 2
e 3 4 1
e 3 5 2
e 3 6 1
e 7 5 1
e 8 5 1
e 9 1 2
e 9 10 0
e 11 9 0
e 10 12 0
e 10 13 0
t # 69
v 0 4
v 1 0
v 2 0
v 3 0
v 4 11
v 5 0
v 6 0
v 7 0
v 8 0
v 9 0
v 10 5
v 11 0
v 12 0
v 13 0
v 14 0
v 15 0
v 16 0
v 17 0
v 18 0
v 19 3
v 20 3
e 0 1 0
e 0 2 0
e 0 3 0
e 0 4 1
e 2 1 1
e 1 5 5
e 3 6 2
e 3 7 5
e 3 8 2
e 3 9 2
e 10 11 4
e 11 10 3
e 8 12 5
e 13 12 0
e 9 14 1
e 9 15 2
e 9 16 1
e 15 17 1
e 15 18 5
e 17 19 5
e 20 6 7
e 20 10 3
t # 70
v 0 0
v 1 11
v 2 0
v 3 0
v 4 0
v 5 0
v 6 0
v 7 0
v 8 0
v 9 4
v 10 0
v 11 0
v 12 23
v 13 2
v 14 2
v 15 2
v 16 2
v 17 2
v 18 3
v 19 13
e 0 1 0
e 0 2 0
e 0 3 0
e 4 0 0
e 5 2 1
e 6 2 1
e 3 7 2
e 8 3 0
e 9 3 0
e 10 3 0
e 7 11 7
e 12 13 2
e 12 14 2
e 15 13 2
e 15 14 2
e 16 13 2
e 16 14 2
e 17 13 0
e 17 14 0
e 18 0 3
e 19 15 0
e 19 16 0
e 19 7 2
e 19 12 0
t # 71
v 0 7
v 1 2
v 2 3
v 3 0
v 4 2
v 5 2
v 6 2
v 7 8
v 8 7
v 9 7
v 10 2
v 11 2
v 12 0
v 13 0
v 14 0
v 15 0
v 16 0
v 17 0
v 18 0
v 19 0
v 20 0
v 21 0
v 22 0
v 23 0
v 24 4
v 25 0
v 26 0
v 27 0
v 28 0
v 29 0
v 30 0
v 31 0
v 32 0
v 33 0
v 34 5
v 35 0
v 36 0
v 37 2
v 38 2
v 39 3
e 0 1 1
e 0 2 3
e 0 3 0
e 0 4 1
e 1 5 0
e 1 6 0
e 1 7 3
e 1 8 0
e 1 9 0
e 1 10 0
e 1 11 0
e 3 12 2
e 13 3 0
e 14 15 0
e 14 3 0
e 16 15 0
e 16 3 0
e 17 3 0
e 18 3 1
e 12 19 0
e 12 20 2
e 21 12 0
e 21 22 5
e 22 12 0
e 23 12 0
e 24 12 0
e 19 25 2
e 20 26 2
e 27 20 0
e 26 28 2
e 26 29 2
e 26 30 2
e 29 31 2
e 32 29 0
e 31 33 2
e 31 34 2
e 35 31 0
e 34 36 6
e 36 34 7
e 37 0 0
e 37 38 2
e 39 33 7
t # 72
v 0 0
v 1 0
v 2 11
v 3 0
v 4 0
v 5 0
v 6 2
v 7 4
v 8 0
v 9 0
v 10 0
v 11 0
v 12 0
v 13 0
v 14 0
v 15 0
v 16 2
v 17 2
v 18 3
v 19 13
v 20 8
v 21 0
v 22 13
e 0 1 0
e 0 2 0
e 1 3 3
e 4 5 0
e 4 2 2
e 4 6 1
e 7 4 0
e 7 8 3
e 5 9 0
e 5 10 0
e 5 11 2
e 11 12 2
e 11 13 5
e 14 11 0
e 15 12 0
e 6 16 5
e 6 17 5
e 18 4 7
e 18 7 3
e 19 11 0
e 20 12 0
e 20 21 0
e 22 20 0
t # 73
v 0 0
v 1 0
v 2 11
v 3 4
v 4 0
v 5 0
v 6 0
v 7 0
v 8 0
v 9 0
v 10 0
v 11 6
v 12 4
v 13 3
v 14 0
e 0 1 2
e 0 2 2
e 3 0 0
e 1 4 0
e 1 5 0
e 6 1 0
e 7 4 0
e 8 4 0
e 5 9 0
e 10 9 0
e 10 5 0
e 9 11 0
e 12 9 0
e 13 1 7
e 13 14 3
t # 74
v 0 0
v 1 11
v 2 0
v 3 0
v 4 0
e 0 1 2
e 0 2 0
e 2 1 2
e 3 2 3
e 4 2 2
t # 75
v 0 0
v 1 0
v 2 0
v 3 0
v 4 4
v 5 11
v 6 0
v 7 4
v 8 0
v 9 0
v 10 3
v 11 8
e 0 1 2
e 0 2 5
e 0 3 2
e 0 4 2
e 0 5 2
e 0 6 2
e 7 0 0
e 8 9 1
e 8 0 0
e 8 10 5
e 3 11 2
e 11 1 0
t # 76
v 0 0
v 1 11
v 2 0
v 3 0
v 4 2
v 5 2
v 6 2
v 7 3
v 8 2
v 9 0
v 10 2
v 11 0
v 12 2
e 0 1 2
e 2 0 0
e 3 0 0
e 4 5 1
e 4 0 2
e 6 4 0
e 6 7 5
e 8 9 0
e 9 4 2
e 10 9 3
e 10 11 5
e 12 0 0
t # 77
v 0 0
v 1 0
v 2 0
v 3 11
v 4 0
v 5 0
v 6 4
v 7 0
v 8 0
v 9 0
v 10 0
v 11 4
v 12 0
v 13 0
v 14 11
v 15 0
v 16 18
v 17 0
v 18 0
v 19 0
v 20 8
e 0 1 5
e 0 2 0
e 0 3 2
e 4 5 1
e 4 2 0
e 5 2 0
e 1 6 0
e 1 7 0
e 7 8 0
e 9 7 0
e 8 10 5
e 6 11 5
e 6 12 1
e 11 13 1
e 11 14 1
e 11 15 1
e 14 16 2
e 14 17 2
e 17 18 5
e 18 19 0
e 20 6 0
t # 78
v 0 2
v 1 0
v 2 4
v 3 0
v 4 0
v 5 0
v 6 4
v 7 0
v 8 0
v 9 0
v 10 0
v 11 0
v 12 0
v 13 0
v 14 0
v 15 0
v 16 0
v 17 0
v 18 0
v 19 0
v 20 0
v 21 0
v 22 0
v 23 0
e 0 1 1
e 1 2 1
e 3 4 2
e 3 0 2
e 5 3 0
e 6 3 0
e 4 7 2
e 8 4 0
e 8 9 5
e 8 10 5
e 7 11 2
e 12 7 0
e 12 13 5
e 14 7 0
e 14 15 5
e 14 16 5
e 17 11 0
e 11 18 2
e 11 19 2
e 20 18 0
e 20 21 1
e 18 22 2
e 22 23 2
t # 79
v 0 1
v 1 0
v 2 11
v 3 3
v 4 0
v 5 0
v 6 0
v 7 0
v 8 0
v 9 1
v 10 0
v 11 0
v 12 0
v 13 4
v 14 5
v 15 4
v 16 0
v 17 0
v 18 0
v 19 0
v 20 0
e 0 1 0
e 0 2 0
e 0 3 5
e 1 4 2
e 5 1 0
e 6 1 0
e 7 1 2
e 8 1 2
e 4 9 0
e 4 10 2
e 4 11 0
e 4 12 0
e 12 13 5
e 10 14 2
e 15 10 0
e 16 10 0
e 16 17 1
e 18 17 1
e 19 14 3
e 19 20 0
e 14 19 4
t # 80
v 0 0
v 1 0
v 2 0
e 0 1 1
e 0 2 0
