t # 0
v 0 0
v 1 0
v 2 0
v 3 1
v 4 1
v 5 2
v 6 0
v 7 3
v 8 4
v 9 0
v 10 0
v 11 0
v 12 0
v 13 4
v 14 4
v 15 0
v 16 0
v 17 0
v 18 0
v 19 4
v 20 0
v 21 4
v 22 0
v 23 0
v 24 0
v 25 4
v 26 4
v 27 0
v 28 0
v 29 0
v 30 0
v 31 0
v 32 0
v 33 0
v 34 0
v 35 0
v 36 0
v 37 0
v 38 0
v 39 0
v 40 0
v 41 5
v 42 0
v 43 0
v 44 0
v 45 0
v 46 0
v 47 4
v 48 0
v 49 0
v 50 0
v 51 0
v 52 0
v 53 0
v 54 0
v 55 0
v 56 0
v 57 0
v 58 0
v 59 0
v 60 0
e 0 1 0
e 0 2 0
e 0 3 1
e 0 4 2
e 3 5 0
e 3 6 0
e 5 7 1
e 8 1 0
e 8 9 1
e 8 10 1
e 2 11 1
e 2 12 1
e 13 2 0
e 14 2 0
e 15 2 0
e 15 16 1
e 15 17 1
e 15 18 1
e 15 19 1
e 18 20 2
e 21 18 0
e 22 18 0
e 23 18 0
e 20 24 2
e 25 20 0
e 26 20 0
e 27 20 0
e 24 28 2
e 29 30 0
e 29 24 0
e 30 24 0
e 28 31 0
e 28 32 2
e 33 28 2
e 32 34 2
e 35 32 0
e 36 32 0
e 34 37 2
e 38 34 0
e 39 34 0
e 37 40 2
e 37 41 3
e 41 37 4
e 41 40 2
e 40 42 0
e 40 43 0
e 40 44 0
e 45 42 0
e 42 46 0
e 25 43 0
e 44 47 1
e 44 48 0
e 49 48 0
e 47 50 0
e 47 51 0
e 47 52 0
e 52 51 2
e 50 53 2
e 50 54 2
e 54 55 1
e 54 56 1
e 54 57 5
e 56 58 2
e 59 56 0
e 37 58 0
e 60 58 2
t # 1
v 0 2
v 1 0
v 2 0
v 3 0
v 4 0
v 5 4
v 6 4
v 7 0
v 8 0
v 9 0
v 10 0
v 11 0
v 12 0
v 13 0
v 14 0
v 15 5
v 16 0
v 17 0
v 18 4
v 19 6
v 20 0
v 21 0
v 22 6
v 23 0
v 24 6
v 25 7
v 26 0
v 27 0
v 28 0
v 29 4
v 30 0
v 31 0
v 32 5
v 33 0
v 34 0
v 35 8
v 36 0
v 37 0
v 38 0
v 39 4
v 40 0
v 41 4
v 42 6
v 43 0
v 44 0
v 45 5
v 46 0
v 47 0
v 48 0
v 49 0
v 50 0
e 0 1 0
e 1 2 1
e 3 1 0
e 4 1 0
e 5 1 0
e 6 1 0
e 7 1 2
e 2 8 1
e 2 9 1
e 2 10 1
e 9 11 1
e 9 12 0
e 11 13 1
e 11 14 1
e 11 15 1
e 15 16 6
e 16 15 7
e 14 17 2
e 14 18 1
e 14 19 1
e 20 14 0
e 20 21 5
e 17 22 1
e 17 23 2
e 17 24 1
e 23 25 1
e 23 26 1
e 26 27 2
e 28 27 0
e 28 29 1
e 30 27 0
e 18 31 2
e 18 32 7
e 32 18 8
e 32 33 5
e 32 34 1
e 34 35 1
e 34 36 2
e 37 34 0
e 37 38 0
e 39 34 0
e 40 34 0
e 41 34 0
e 35 42 1
e 36 43 1
e 36 44 1
e 36 11 1
e 36 45 1
e 45 46 8
e 45 47 8
e 46 45 3
e 47 45 3
e 43 48 1
e 11 49 5
e 50 11 2
t # 2
v 0 0
v 1 2
v 2 0
v 3 2
v 4 2
v 5 9
v 6 5
v 7 9
v 8 2
v 9 0
v 10 0
v 11 0
v 12 4
v 13 0
v 14 0
v 15 0
v 16 0
v 17 4
v 18 0
v 19 6
v 20 0
v 21 0
v 22 0
v 23 4
v 24 0
v 25 4
v 26 0
v 27 0
v 28 0
v 29 0
v 30 0
v 31 0
v 32 0
v 33 0
v 34 0
v 35 4
v 36 0
v 37 0
v 38 0
v 39 4
v 40 0
v 41 0
v 42 0
v 43 0
v 44 0
v 45 6
v 46 3
v 47 3
v 48 3
v 49 10
e 0 1 1
e 0 2 2
e 0 3 1
e 0 4 1
e 5 0 0
e 6 5 4
e 7 5 1
e 8 7 1
e 2 9 0
e 2 10 2
e 2 11 0
e 12 2 0
e 13 2 0
e 10 14 2
e 15 10 0
e 14 16 2
e 17 14 0
e 18 14 0
e 19 18 5
e 16 20 2
e 21 16 0
e 22 21 5
e 23 16 0
e 24 16 1
e 25 16 1
e 26 16 1
e 20 27 2
e 28 20 0
e 27 29 2
e 30 27 0
e 29 31 0
e 29 32 0
e 29 33 0
e 32 34 0
e 35 32 0
e 34 36 5
e 31 37 0
e 31 38 2
e 39 31 0
e 38 40 2
e 41 38 0
e 42 43 1
e 42 38 0
e 40 44 2
e 40 45 0
e 46 4 3
e 47 5 3
e 48 8 3
e 49 44 0
t # 3
v 0 0
v 1 4
v 2 4
v 3 0
v 4 0
v 5 0
v 6 3
v 7 0
v 8 0
v 9 4
v 10 3
v 11 0
v 12 0
v 13 6
v 14 6
v 15 0
v 16 0
v 17 6
v 18 0
v 19 7
v 20 6
v 21 4
v 22 0
v 23 0
v 24 0
v 25 0
v 26 0
v 27 0
v 28 0
v 29 0
v 30 0
v 31 0
v 32 0
v 33 0
v 34 0
v 35 0
v 36 0
v 37 0
v 38 4
v 39 10
v 40 10
v 41 10
v 42 0
v 43 3
v 44 3
v 45 3
e 0 1 0
e 0 2 0
e 0 3 0
e 0 4 1
e 3 5 0
e 5 6 5
e 1 2 1
e 7 8 0
e 9 7 0
e 9 10 5
e 8 11 0
e 9 8 0
e 9 12 0
e 12 13 5
e 12 14 5
e 12 15 5
e 11 16 2
e 11 17 0
e 11 18 2
e 17 19 0
e 20 18 1
e 21 16 0
e 21 3 1
e 3 16 0
e 16 22 1
e 16 23 5
e 16 24 0
e 25 22 0
e 22 26 2
e 22 27 2
e 3 22 0
e 9 27 0
e 26 28 2
e 26 29 2
e 30 28 0
e 9 28 0
e 31 28 2
e 30 29 7
e 29 32 2
e 12 29 3
e 33 32 0
e 34 32 0
e 35 32 0
e 36 32 0
e 32 37 1
e 38 32 0
e 30 37 0
e 39 40 0
e 39 4 0
e 40 41 2
e 40 42 1
e 43 42 5
e 41 7 0
e 44 16 5
e 45 26 5
t # 4
v 0 0
v 1 11
v 2 8
v 3 0
v 4 0
v 5 4
v 6 0
v 7 0
v 8 4
v 9 0
v 10 8
v 11 0
v 12 0
v 13 0
v 14 4
v 15 6
v 16 0
v 17 0
v 18 0
v 19 0
v 20 0
v 21 0
v 22 0
v 23 0
v 24 0
v 25 0
v 26 0
v 27 6
v 28 0
v 29 0
v 30 0
v 31 0
v 32 6
v 33 12
v 34 0
v 35 0
v 36 0
v 37 0
v 38 0
v 39 0
v 40 0
v 41 0
v 42 0
v 43 0
v 44 12
v 45 6
v 46 0
v 47 13
v 48 0
v 49 13
v 50 0
v 51 0
v 52 0
v 53 0
v 54 10
v 55 0
v 56 8
v 57 0
v 58 0
v 59 0
v 60 4
v 61 0
v 62 0
v 63 0
v 64 0
v 65 6
v 66 0
v 67 0
v 68 0
v 69 0
v 70 0
v 71 0
v 72 5
v 73 0
v 74 5
v 75 0
v 76 14
v 77 0
v 78 3
v 79 10
v 80 3
e 0 1 1
e 0 2 2
e 0 3 2
e 4 0 0
e 4 3 0
e 5 0 0
e 5 3 0
e 6 0 0
e 6 3 0
e 2 7 2
e 8 2 0
e 7 9 2
e 7 10 0
e 11 7 0
e 12 7 0
e 13 10 0
e 6 10 0
e 6 14 1
e 6 10 0
e 6 15 1
e 14 16 0
e 17 16 5
e 18 19 1
e 18 20 5
e 18 7 0
e 18 21 5
e 19 22 5
e 23 7 0
e 23 24 5
e 9 25 0
e 9 26 2
e 27 9 1
e 25 28 1
e 26 29 2
e 26 30 2
e 26 31 2
e 30 29 2
e 32 26 1
e 32 30 1
e 32 29 1
e 33 34 0
e 33 31 0
e 34 31 2
e 31 35 2
e 36 31 2
e 37 38 0
e 37 36 0
e 35 39 2
e 39 40 2
e 39 41 0
e 33 39 0
e 40 42 2
e 40 43 0
e 44 43 1
e 44 40 1
e 45 40 1
e 46 40 0
e 47 42 0
e 42 48 2
e 49 42 0
e 50 42 0
e 48 51 2
e 51 52 0
e 51 53 0
e 51 54 2
e 55 56 0
e 57 56 0
e 58 56 0
e 59 56 0
e 60 56 0
e 61 62 2
e 63 61 0
e 64 61 0
e 65 62 1
e 55 66 1
e 66 67 2
e 68 67 3
e 67 69 2
e 69 70 1
e 69 71 5
e 69 72 1
e 69 73 2
e 69 74 1
e 72 59 6
e 72 60 6
e 59 72 7
e 59 75 7
e 60 69 7
e 73 76 2
e 73 77 0
e 76 78 5
e 79 0 0
e 80 6 3
e 80 4 3
e 80 5 3
e 54 61 0
e 54 66 0
e 54 55 0
e 54 56 0
t # 5
v 0 2
v 1 6
v 2 6
v 3 0
v 4 0
v 5 0
v 6 0
v 7 0
v 8 0
v 9 6
v 10 0
v 11 6
v 12 10
v 13 6
v 14 6
v 15 6
v 16 7
v 17 7
v 18 0
v 19 7
v 20 0
v 21 0
v 22 0
v 23 0
v 24 0
v 25 6
v 26 0
v 27 5
v 28 0
v 29 15
v 30 0
v 31 0
v 32 4
v 33 0
v 34 0
v 35 0
v 36 0
v 37 0
v 38 6
v 39 0
v 40 8
v 41 0
v 42 0
v 43 0
v 44 0
v 45 0
e 0 1 1
e 1 2 1
e 1 3 1
e 1 4 1
e 4 5 0
e 4 6 1
e 4 7 2
e 8 4 0
e 6 9 1
e 6 10 1
e 6 11 1
e 10 12 3
e 9 13 1
e 9 14 1
e 9 15 1
e 7 16 1
e 7 17 1
e 7 18 0
e 7 19 1
e 20 7 0
e 10 7 0
e 21 7 0
e 21 22 5
e 21 23 5
e 24 7 0
e 18 25 1
e 18 26 2
e 27 28 6
e 27 18 0
e 28 27 7
e 25 29 1
e 26 30 2
e 31 32 0
e 31 26 0
e 30 33 0
e 30 34 2
e 30 35 0
e 36 30 0
e 37 35 0
e 34 38 1
e 34 39 1
e 34 40 2
e 40 41 1
e 40 42 1
e 40 43 1
e 40 44 1
e 43 45 2
t # 6
v 0 4
v 1 0
v 2 10
v 3 6
v 4 4
v 5 0
v 6 4
v 7 0
v 8 4
v 9 0
v 10 0
v 11 0
v 12 0
v 13 0
v 14 0
v 15 8
v 16 0
v 17 0
v 18 0
v 19 10
v 20 0
v 21 0
v 22 0
v 23 4
v 24 0
v 25 0
v 26 0
v 27 0
v 28 4
v 29 0
v 30 0
v 31 0
v 32 0
v 33 0
v 34 0
v 35 0
v 36 0
v 37 6
v 38 6
v 39 0
v 40 6
v 41 0
v 42 0
v 43 0
v 44 3
v 45 0
v 46 0
v 47 0
v 48 10
v 49 0
v 50 8
v 51 0
v 52 0
v 53 0
v 54 0
v 55 0
v 56 0
v 57 16
e 0 1 0
e 0 2 0
e 0 3 1
e 0 4 1
e 4 2 0
e 4 5 0
e 0 5 0
e 6 7 0
e 8 9 0
e 1 10 2
e 11 1 0
e 11 12 5
e 13 1 0
e 10 14 2
e 10 15 7
e 16 10 0
e 16 17 1
e 17 15 0
e 14 18 2
e 18 19 0
e 18 20 1
e 5 21 2
e 20 22 1
e 20 23 1
e 20 24 0
e 24 7 2
e 0 24 0
e 25 24 0
e 26 27 1
e 26 24 0
e 26 28 1
e 27 29 1
e 27 30 1
e 7 9 2
e 31 7 0
e 32 7 0
e 32 33 1
e 34 7 0
e 33 35 1
e 9 36 2
e 37 9 1
e 38 9 1
e 36 39 2
e 36 40 5
e 36 41 2
e 39 40 5
e 34 39 0
e 34 36 0
e 41 42 2
e 43 41 0
e 42 44 5
e 42 45 2
e 42 46 5
e 42 47 2
e 45 34 0
e 45 48 0
e 45 49 5
e 45 50 0
e 51 50 0
e 52 50 0
e 53 50 0
e 34 29 1
e 34 54 0
e 29 55 5
e 34 56 0
e 19 5 0
e 57 27 0
t # 7
v 0 0
v 1 0
v 2 2
v 3 2
v 4 0
v 5 2
v 6 0
v 7 6
v 8 0
v 9 0
v 10 6
v 11 15
v 12 6
v 13 15
v 14 6
v 15 0
v 16 0
v 17 0
v 18 4
v 19 0
v 20 0
v 21 0
v 22 0
v 23 0
v 24 0
v 25 0
v 26 0
v 27 6
v 28 0
v 29 4
v 30 4
v 31 4
v 32 0
v 33 6
v 34 6
v 35 0
v 36 0
v 37 0
v 38 6
v 39 0
v 40 0
v 41 0
v 42 0
v 43 0
v 44 0
v 45 4
e 0 1 5
e 2 3 0
e 3 4 1
e 3 0 1
e 3 5 1
e 4 6 2
e 4 7 0
e 6 8 1
e 6 9 2
e 8 10 1
e 11 6 1
e 12 11 1
e 13 6 1
e 14 13 0
e 9 15 0
e 9 16 2
e 9 17 0
e 18 9 0
e 19 20 1
e 19 9 0
e 19 21 1
e 22 9 0
e 22 23 1
e 24 15 0
e 24 17 0
e 16 25 2
e 16 26 2
e 27 16 1
e 28 25 2
e 29 28 0
e 30 28 0
e 31 25 0
e 26 32 2
e 26 33 2
e 31 34 0
e 31 26 0
e 31 35 5
e 31 36 5
e 37 34 2
e 33 38 5
e 5 33 1
e 32 39 2
e 32 40 2
e 32 41 2
e 39 42 5
e 39 43 2
e 44 43 0
e 45 44 5
t # 8
v 0 0
v 1 0
v 2 17
v 3 0
v 4 7
v 5 0
v 6 0
v 7 4
v 8 6
v 9 0
v 10 0
v 11 8
v 12 6
v 13 0
v 14 0
v 15 0
v 16 0
v 17 0
v 18 0
v 19 4
v 20 0
v 21 0
v 22 0
v 23 0
v 24 0
v 25 0
v 26 6
v 27 0
v 28 5
v 29 0
v 30 7
v 31 0
v 32 0
v 33 0
v 34 0
v 35 0
v 36 0
v 37 0
v 38 0
v 39 0
v 40 0
v 41 0
v 42 5
v 43 6
v 44 0
v 45 0
v 46 0
v 47 0
v 48 0
v 49 0
v 50 0
v 51 6
v 52 6
v 53 6
v 54 0
v 55 3
v 56 0
v 57 0
v 58 0
v 59 0
v 60 0
v 61 0
v 62 4
v 63 18
v 64 18
v 65 18
v 66 18
v 67 3
v 68 18
e 0 1 2
e 0 2 1
e 3 4 0
e 3 0 3
e 3 5 0
e 6 0 3
e 7 8 0
e 7 6 3
e 9 1 2
e 10 11 0
e 10 12 1
e 10 13 2
e 10 1 2
e 13 14 2
e 15 13 0
e 16 13 0
e 17 13 0
e 18 13 0
e 14 19 0
e 14 20 0
e 19 21 1
e 19 22 5
e 23 24 0
e 23 25 0
e 23 26 1
e 23 27 0
e 23 19 0
e 23 28 0
e 23 29 5
e 23 30 0
e 24 31 5
e 28 32 9
e 28 33 1
e 28 34 1
e 35 36 2
e 35 33 5
e 36 33 3
e 33 37 1
e 33 38 2
e 38 39 5
e 38 40 0
e 38 41 0
e 42 1 6
e 1 42 7
e 41 43 1
e 41 44 2
e 37 41 2
e 45 41 0
e 16 41 0
e 46 41 0
e 47 41 0
e 44 48 2
e 44 49 0
e 44 50 0
e 44 51 1
e 52 44 1
e 53 51 1
e 50 54 5
e 54 55 5
e 48 56 0
e 48 57 1
e 58 48 0
e 57 59 5
e 57 60 5
e 57 61 1
e 62 61 2
e 63 10 0
e 64 13 0
e 65 14 0
e 66 37 0
e 67 40 7
e 67 42 3
e 68 62 0
t # 9
v 0 2
v 1 0
v 2 0
v 3 0
v 4 3
v 5 0
v 6 3
v 7 0
v 8 0
v 9 2
v 10 4
v 11 0
v 12 0
v 13 4
v 14 4
v 15 0
v 16 0
v 17 0
v 18 4
v 19 0
e 0 1 0
e 0 2 1
e 0 3 0
e 0 4 5
e 5 0 0
e 1 3 2
e 2 6 5
e 2 7 0
e 2 8 0
e 2 9 5
e 2 10 5
e 11 7 0
e 12 7 0
e 13 7 0
e 14 7 0
e 8 15 2
e 16 8 0
e 15 17 0
e 18 15 0
e 19 17 0
t # 10
v 0 14
v 1 11
v 2 0
v 3 0
v 4 0
v 5 0
v 6 4
v 7 0
v 8 0
v 9 0
v 10 0
v 11 4
v 12 0
v 13 0
v 14 4
v 15 0
v 16 0
v 17 0
v 18 0
v 19 3
e 0 1 1
e 2 0 1
e 3 0 2
e 4 0 2
e 4 5 2
e 5 6 1
e 7 5 2
e 8 5 2
e 9 5 2
e 6 10 5
e 6 11 1
e 6 12 1
e 12 8 1
e 13 12 5
e 8 5 1
e 14 15 1
e 14 8 0
e 14 16 1
e 5 9 1
e 17 5 0
e 18 9 5
e 19 4 3
e 19 6 7
t # 11
v 0 0
v 1 0
v 2 11
v 3 0
v 4 0
v 5 0
v 6 0
v 7 0
v 8 6
v 9 0
v 10 0
v 11 0
v 12 0
v 13 0
v 14 0
v 15 6
v 16 0
v 17 0
v 18 0
v 19 0
v 20 0
v 21 0
v 22 0
v 23 0
v 24 0
v 25 0
v 26 0
v 27 0
v 28 0
v 29 0
v 30 0
v 31 4
v 32 0
v 33 4
v 34 4
v 35 0
v 36 0
v 37 0
v 38 0
v 39 0
v 40 0
v 41 0
v 42 0
v 43 0
v 44 6
v 45 0
v 46 0
v 47 0
v 48 3
v 49 3
v 50 10
e 0 1 0
e 1 2 1
e 1 3 2
e 4 1 0
e 5 4 0
e 5 1 0
e 3 6 2
e 7 3 0
e 8 3 1
e 9 3 0
e 10 3 0
e 11 3 0
e 12 3 0
e 13 3 0
e 14 3 0
e 15 3 1
e 6 16 2
e 17 6 0
e 16 18 0
e 16 19 2
e 19 20 2
e 19 21 2
e 19 22 2
e 19 23 2
e 19 24 2
e 21 25 0
e 21 26 0
e 26 25 2
e 24 27 2
e 28 24 3
e 28 29 5
e 27 30 2
e 31 27 0
e 13 27 0
e 30 32 2
e 31 30 0
e 33 30 0
e 34 30 0
e 32 35 0
e 32 36 2
e 32 37 0
e 32 38 0
e 32 39 0
e 32 40 0
e 41 36 2
e 36 42 1
e 36 43 2
e 36 44 0
e 45 36 0
e 43 46 2
e 47 43 0
e 31 43 0
e 48 41 3
e 48 36 7
e 49 43 7
e 50 46 0
t # 12
v 0 0
v 1 0
v 2 0
v 3 5
v 4 0
v 5 0
v 6 0
v 7 2
v 8 4
v 9 4
v 10 4
v 11 0
v 12 0
v 13 0
v 14 6
v 15 6
v 16 0
v 17 0
v 18 0
v 19 5
v 20 5
v 21 8
v 22 0
v 23 0
v 24 0
v 25 0
v 26 0
v 27 0
v 28 2
v 29 2
v 30 0
v 31 0
v 32 0
v 33 0
v 34 0
v 35 0
v 36 0
v 37 0
v 38 0
v 39 0
v 40 0
v 41 0
v 42 0
v 43 0
v 44 0
v 45 0
v 46 0
v 47 7
v 48 0
v 49 6
v 50 0
v 51 7
v 52 0
v 53 6
v 54 0
v 55 0
v 56 5
v 57 0
v 58 19
v 59 20
v 60 0
v 61 5
v 62 0
v 63 0
v 64 0
v 65 2
v 66 2
v 67 2
v 68 2
v 69 2
v 70 2
v 71 2
v 72 2
v 73 0
v 74 2
v 75 2
v 76 2
v 77 11
v 78 3
v 79 3
v 80 3
e 0 1 5
e 2 0 0
e 1 3 2
e 1 4 2
e 3 5 4
e 5 3 3
e 4 6 2
e 7 4 0
e 8 4 0
e 9 4 0
e 10 4 0
e 11 4 0
e 12 4 0
e 13 6 0
e 6 14 1
e 6 5 2
e 6 15 1
e 5 16 2
e 5 17 0
e 5 18 0
e 5 19 2
e 5 20 2
e 5 21 1
e 5 22 0
e 20 23 8
e 20 24 8
e 23 20 3
e 24 20 3
e 19 25 8
e 25 19 3
e 16 26 2
e 26 27 2
e 28 26 0
e 29 26 0
e 30 0 2
e 27 31 0
e 27 32 0
e 27 33 1
e 27 34 0
e 35 27 0
e 33 36 0
e 33 37 2
e 36 38 0
e 39 36 0
e 40 36 0
e 37 41 1
e 37 42 0
e 37 43 0
e 37 44 0
e 37 45 0
e 37 46 1
e 37 47 1
e 48 37 0
e 44 49 1
e 43 49 1
e 46 50 1
e 50 51 1
e 50 52 1
e 50 53 1
e 48 50 0
e 54 52 0
e 52 55 2
e 52 56 2
e 56 57 1
e 58 52 1
e 58 51 1
e 58 59 1
e 60 55 2
e 55 43 2
e 55 61 2
e 62 55 0
e 43 49 1
e 63 61 3
e 61 63 4
e 61 64 1
e 65 29 1
e 65 66 1
e 65 64 0
e 65 67 1
e 68 29 0
e 68 64 0
e 68 69 1
e 29 70 1
e 69 71 5
e 69 29 1
e 69 68 1
e 71 72 5
e 68 73 1
e 73 29 1
e 73 74 1
e 73 75 1
e 29 76 1
e 75 77 1
e 78 1 3
e 78 3 7
e 79 5 3
e 79 20 7
e 79 19 7
e 80 60 3
e 80 55 7
t # 13
v 0 1
v 1 0
v 2 0
v 3 11
v 4 0
v 5 15
v 6 0
v 7 6
v 8 0
v 9 0
v 10 0
v 11 0
v 12 0
v 13 0
v 14 4
v 15 0
v 16 5
v 17 0
v 18 0
v 19 4
v 20 0
v 21 0
v 22 0
v 23 5
v 24 0
v 25 0
v 26 15
v 27 6
v 28 0
v 29 0
v 30 0
v 31 6
v 32 0
v 33 0
v 34 0
v 35 0
v 36 0
v 37 0
v 38 0
v 39 0
v 40 0
v 41 6
v 42 0
v 43 10
v 44 10
v 45 3
e 0 1 0
e 1 2 0
e 1 3 1
e 1 2 0
e 1 4 0
e 1 5 2
e 5 6 1
e 6 1 2
e 2 7 0
e 2 8 5
e 9 4 0
e 4 10 2
e 11 12 0
e 11 4 2
e 13 12 0
e 14 12 0
e 15 12 0
e 15 4 0
e 9 15 0
e 10 16 7
e 17 10 3
e 16 18 6
e 16 19 2
e 16 20 2
e 16 21 2
e 18 16 7
e 20 22 0
e 19 20 0
e 23 18 8
e 23 22 3
e 18 23 3
e 1 21 7
e 21 24 1
e 25 26 0
e 25 21 7
e 26 27 1
e 24 28 2
e 24 29 2
e 30 24 0
e 28 31 0
e 28 32 2
e 32 33 0
e 32 34 0
e 32 17 2
e 32 35 0
e 32 36 0
e 34 37 0
e 34 38 0
e 34 39 0
e 34 40 0
e 41 32 1
e 17 42 5
e 17 18 0
e 43 20 0
e 44 24 0
e 45 24 3
e 45 17 7
t # 14
v 0 0
v 1 10
v 2 4
v 3 4
v 4 0
v 5 5
v 6 0
v 7 6
v 8 21
v 9 0
v 10 0
v 11 0
v 12 0
v 13 6
v 14 0
v 15 3
v 16 0
v 17 10
v 18 6
v 19 6
v 20 22
v 21 2
v 22 15
v 23 0
v 24 6
v 25 23
v 26 0
v 27 0
v 28 0
v 29 0
v 30 4
v 31 0
v 32 0
v 33 0
v 34 4
v 35 0
v 36 0
v 37 0
v 38 3
v 39 0
v 40 0
v 41 0
v 42 0
v 43 0
v 44 0
v 45 5
v 46 4
v 47 8
v 48 0
v 49 0
v 50 0
v 51 0
v 52 3
v 53 22
v 54 3
v 55 3
v 56 3
v 57 10
e 0 1 3
e 0 2 1
e 0 3 1
e 0 4 0
e 0 5 3
e 0 6 1
e 5 0 4
e 7 8 3
e 8 7 4
e 8 4 2
e 4 9 2
e 4 10 5
e 4 11 5
e 10 12 2
e 10 13 1
e 10 14 2
e 12 15 5
e 12 16 5
e 12 17 3
e 12 18 1
e 14 19 1
e 14 20 0
e 21 20 2
e 20 22 1
e 20 23 1
e 24 22 1
e 23 25 1
e 26 27 5
e 26 23 0
e 27 23 0
e 28 25 2
e 25 29 2
e 25 30 1
e 31 32 5
e 31 33 1
e 31 25 1
e 33 34 1
e 30 35 0
e 30 36 5
e 30 37 0
e 36 38 5
e 36 39 5
e 29 40 2
e 40 41 2
e 42 40 0
e 41 43 2
e 44 41 0
e 43 45 2
e 46 43 0
e 47 43 2
e 47 48 1
e 49 45 2
e 45 50 4
e 45 51 2
e 50 52 5
e 50 45 3
e 51 53 0
e 51 54 5
e 51 24 0
e 24 53 1
e 1 5 0
e 55 8 0
e 56 4 3
e 56 9 7
e 57 14 0
t # 15
v 0 2
v 1 10
v 2 0
v 3 0
v 4 0
v 5 0
v 6 4
v 7 0
v 8 0
v 9 6
v 10 0
v 11 0
v 12 0
v 13 0
v 14 6
v 15 0
v 16 0
v 17 0
v 18 0
v 19 4
v 20 0
v 21 0
v 22 0
v 23 3
v 24 3
v 25 0
e 0 1 3
e 0 2 0
e 3 0 2
e 2 4 0
e 2 5 0
e 6 2 0
e 7 2 0
e 8 4 0
e 9 4 1
e 5 10 2
e 5 11 2
e 12 5 0
e 13 10 2
e 13 14 5
e 11 15 2
e 16 11 0
e 17 11 0
e 15 18 2
e 19 15 0
e 18 20 2
e 18 21 0
e 18 22 0
e 22 23 5
e 20 24 5
e 20 25 5
t # 16
v 0 4
v 1 0
v 2 0
v 3 0
v 4 0
v 5 0
v 6 0
v 7 0
v 8 0
v 9 7
v 10 6
v 11 0
v 12 0
v 13 6
v 14 0
v 15 0
v 16 7
v 17 4
v 18 0
v 19 0
v 20 4
v 21 4
v 22 0
v 23 4
v 24 6
v 25 4
v 26 0
v 27 6
v 28 0
v 29 0
v 30 0
v 31 4
v 32 0
v 33 0
v 34 0
v 35 0
v 36 0
v 37 0
v 38 0
v 39 0
v 40 0
v 41 0
v 42 6
v 43 0
v 44 0
v 45 0
v 46 0
v 47 0
v 48 0
v 49 0
v 50 3
v 51 10
v 52 10
e 0 1 1
e 0 2 1
e 2 3 5
e 2 4 5
e 2 5 5
e 2 6 5
e 2 7 5
e 2 8 5
e 1 9 1
e 1 10 1
e 1 11 2
e 12 11 0
e 11 13 1
e 11 14 2
e 11 15 1
e 11 16 1
e 17 11 0
e 0 11 0
e 18 19 0
e 18 20 0
e 18 21 0
e 18 11 0
e 18 22 0
e 23 11 0
e 16 24 1
e 25 11 0
e 26 27 1
e 27 28 1
e 28 11 0
e 29 28 0
e 14 30 2
e 31 14 0
e 32 14 0
e 30 33 2
e 30 34 0
e 30 35 0
e 36 37 1
e 36 38 1
e 36 39 5
e 36 30 0
e 36 40 5
e 40 41 1
e 34 42 1
e 33 43 0
e 33 44 5
e 33 45 0
e 33 46 0
e 33 47 2
e 33 48 0
e 49 47 5
e 50 0 3
e 51 48 0
e 52 47 0
t # 17
v 0 0
v 1 0
v 2 11
v 3 0
v 4 0
v 5 6
v 6 0
v 7 4
v 8 0
v 9 0
v 10 6
v 11 0
v 12 0
v 13 0
v 14 0
v 15 0
v 16 0
e 0 1 2
e 0 2 1
e 3 0 0
e 4 3 2
e 1 5 1
e 1 6 2
e 7 1 0
e 8 1 0
e 6 9 2
e 6 10 1
e 6 11 1
e 12 13 0
e 13 9 2
e 9 14 2
e 15 9 0
e 14 16 2
t # 18
v 0 1
v 1 0
v 2 11
v 3 11
v 4 0
v 5 0
v 6 0
v 7 0
v 8 0
v 9 0
v 10 0
v 11 0
v 12 0
v 13 0
v 14 0
v 15 10
v 16 0
v 17 0
v 18 0
v 19 4
v 20 0
v 21 0
v 22 0
v 23 4
v 24 0
v 25 13
v 26 0
v 27 0
v 28 0
v 29 0
v 30 0
v 31 0
v 32 0
v 33 0
v 34 0
v 35 0
v 36 0
v 37 3
v 38 0
v 39 4
v 40 0
v 41 2
v 42 10
v 43 2
v 44 0
v 45 0
v 46 0
v 47 4
v 48 0
v 49 0
v 50 0
v 51 4
v 52 0
v 53 0
v 54 0
v 55 0
v 56 10
v 57 3
v 58 0
v 59 3
v 60 3
v 61 0
v 62 10
e 0 1 0
e 0 2 1
e 0 3 1
e 1 4 1
e 1 5 5
e 1 6 1
e 6 7 2
e 6 8 0
e 9 8 0
e 7 10 2
e 9 7 0
e 10 11 1
e 10 12 5
e 13 10 0
e 14 11 0
e 11 15 7
e 11 16 7
e 11 17 2
e 16 18 2
e 19 16 3
e 18 20 5
e 17 21 2
e 17 22 1
e 23 17 0
e 21 24 2
e 21 25 1
e 24 26 0
e 24 27 0
e 24 28 2
e 28 29 1
e 26 30 2
e 31 26 0
e 31 32 5
e 30 33 1
e 33 34 1
e 33 35 2
e 34 36 2
e 36 37 5
e 38 36 3
e 38 39 5
e 40 35 2
e 41 42 0
e 43 42 0
e 44 42 2
e 44 45 2
e 44 46 2
e 47 44 0
e 48 44 0
e 45 49 0
e 46 50 2
e 51 46 0
e 50 52 2
e 53 54 5
e 53 52 1
e 53 55 5
e 56 8 0
e 42 35 2
e 57 58 3
e 57 44 7
e 59 46 7
e 60 61 3
e 60 50 7
e 62 52 0
t # 19
v 0 9
v 1 2
v 2 9
v 3 10
v 4 11
v 5 4
v 6 0
v 7 0
v 8 0
v 9 4
v 10 0
v 11 0
v 12 0
v 13 4
v 14 0
v 15 4
v 16 4
v 17 0
v 18 0
v 19 0
v 20 4
v 21 4
v 22 0
v 23 0
v 24 4
v 25 0
v 26 4
v 27 12
v 28 0
v 29 0
v 30 0
v 31 12
v 32 0
v 33 7
v 34 0
v 35 0
v 36 0
v 37 0
v 38 0
v 39 0
v 40 0
v 41 0
v 42 0
v 43 0
v 44 0
v 45 5
v 46 0
v 47 0
v 48 0
v 49 0
v 50 3
e 0 1 0
e 0 2 1
e 0 3 1
e 0 4 1
e 5 6 0
e 7 6 0
e 8 6 0
e 9 6 0
e 10 11 0
e 10 12 2
e 13 10 0
e 14 10 0
e 15 10 0
e 16 10 0
e 17 10 0
e 11 18 5
e 12 19 2
e 20 12 0
e 21 12 0
e 19 22 2
e 19 23 5
e 23 24 5
e 22 25 2
e 26 22 0
e 27 25 0
e 25 28 2
e 27 25 0
e 29 25 0
e 30 25 0
e 31 30 1
e 31 29 1
e 28 32 2
e 33 28 1
e 32 34 2
e 35 36 5
e 35 32 0
e 34 37 2
e 38 34 0
e 31 37 0
e 37 39 2
e 40 31 5
e 38 40 5
e 39 41 2
e 42 39 0
e 42 43 0
e 41 44 2
e 45 41 4
e 44 46 1
e 46 47 1
e 47 48 1
e 48 49 1
e 50 1 3
e 3 6 0
e 3 10 0
t # 20
v 0 2
v 1 3
v 2 0
v 3 0
v 4 0
v 5 0
v 6 4
v 7 0
v 8 0
v 9 0
v 10 0
v 11 0
v 12 0
v 13 0
v 14 5
v 15 0
v 16 0
v 17 4
v 18 0
v 19 0
v 20 0
v 21 0
v 22 0
v 23 0
v 24 0
v 25 0
v 26 4
v 27 0
v 28 0
v 29 0
v 30 0
v 31 0
v 32 0
v 33 10
v 34 3
v 35 3
v 36 0
e 0 1 5
e 0 2 0
e 2 3 1
e 4 5 0
e 4 2 0
e 6 5 0
e 7 5 0
e 3 8 0
e 3 9 2
e 3 10 0
e 9 10 2
e 4 9 0
e 10 11 2
e 10 12 2
e 11 13 2
e 11 14 2
e 14 15 6
e 14 16 2
e 14 17 2
e 15 14 7
e 18 17 1
e 16 19 2
e 20 16 0
e 19 21 2
e 22 19 0
e 22 23 0
e 21 24 2
e 21 25 2
e 26 24 0
e 27 24 0
e 25 28 2
e 29 25 0
e 28 14 2
e 28 30 2
e 30 31 1
e 14 32 6
e 32 14 7
e 33 2 0
e 34 14 3
e 34 17 7
e 35 14 3
e 35 36 7
t # 21
v 0 0
v 1 0
v 2 0
v 3 4
v 4 0
v 5 0
v 6 15
v 7 0
v 8 0
v 9 0
v 10 7
v 11 3
v 12 6
v 13 0
v 14 0
v 15 0
v 16 4
v 17 4
v 18 0
v 19 4
v 20 0
v 21 4
v 22 0
v 23 0
v 24 4
v 25 0
v 26 0
v 27 8
v 28 4
v 29 0
v 30 0
v 31 0
v 32 4
v 33 4
v 34 0
v 35 0
v 36 0
v 37 4
v 38 0
v 39 0
v 40 5
v 41 0
v 42 0
v 43 0
v 44 4
v 45 0
v 46 4
v 47 12
v 48 0
v 49 15
v 50 6
v 51 8
v 52 0
v 53 0
v 54 0
v 55 0
v 56 4
v 57 0
v 58 0
v 59 0
v 60 4
v 61 0
v 62 0
v 63 8
v 64 0
v 65 5
v 66 0
v 67 0
v 68 0
v 69 0
v 70 0
v 71 0
v 72 0
v 73 0
v 74 0
v 75 0
v 76 0
v 77 0
v 78 0
v 79 0
v 80 3
v 81 0
v 82 0
v 83 0
v 84 3
e 0 1 2
e 0 2 1
e 3 0 0
e 4 0 0
e 5 0 0
e 2 6 0
e 2 7 0
e 2 8 0
e 2 9 0
e 2 10 0
e 7 11 5
e 12 6 0
e 1 13 3
e 1 14 2
e 1 15 0
e 16 1 0
e 17 1 0
e 18 1 0
e 19 1 0
e 20 1 0
e 21 1 0
e 14 22 2
e 23 14 0
e 24 14 0
e 22 25 2
e 22 26 7
e 22 27 2
e 28 27 0
e 25 29 2
e 30 25 0
e 29 31 2
e 32 29 0
e 33 29 0
e 31 34 2
e 35 31 0
e 34 36 1
e 34 37 1
e 28 36 1
e 38 36 1
e 36 39 1
e 40 41 4
e 41 39 1
e 41 40 3
e 39 42 1
e 42 43 2
e 44 42 0
e 43 45 2
e 46 43 0
e 46 47 5
e 45 48 2
e 49 45 1
e 50 49 0
e 48 51 1
e 23 48 0
e 52 23 5
e 52 48 0
e 52 53 5
e 52 54 1
e 53 55 5
e 55 56 5
e 51 57 2
e 58 51 0
e 57 59 2
e 60 57 0
e 12 57 0
e 59 61 2
e 62 59 0
e 62 63 0
e 62 64 1
e 61 65 3
e 61 66 1
e 61 67 1
e 65 61 4
e 67 68 2
e 69 67 3
e 66 70 1
e 66 71 5
e 66 72 1
e 66 73 1
e 74 66 0
e 75 66 0
e 71 34 1
e 71 76 1
e 76 77 0
e 76 78 2
e 79 80 5
e 78 81 1
e 78 82 1
e 82 83 0
e 84 40 3
e 84 39 7
e 80 78 7
t # 22
v 0 0
v 1 0
v 2 4
v 3 10
v 4 0
v 5 0
v 6 6
v 7 6
v 8 6
v 9 0
v 10 8
v 11 0
v 12 3
v 13 0
v 14 4
v 15 4
v 16 0
v 17 0
v 18 0
v 19 0
v 20 0
v 21 0
v 22 0
v 23 4
v 24 0
v 25 0
v 26 0
v 27 0
v 28 0
v 29 0
v 30 0
v 31 0
v 32 0
v 33 0
v 34 0
v 35 0
v 36 0
v 37 0
v 38 0
v 39 0
v 40 0
v 41 0
v 42 0
v 43 0
v 44 0
v 45 0
v 46 6
v 47 6
v 48 0
v 49 0
v 50 0
v 51 0
v 52 6
v 53 6
v 54 0
v 55 0
v 56 0
v 57 0
v 58 0
v 59 0
v 60 0
v 61 0
v 62 0
v 63 0
v 64 0
v 65 0
v 66 0
v 67 0
v 68 0
v 69 0
v 70 0
v 71 0
v 72 0
v 73 0
v 74 0
v 75 15
v 76 0
v 77 6
v 78 4
v 79 6
v 80 6
v 81 6
v 82 6
v 83 6
v 84 10
v 85 3
e 0 1 2
e 2 3 0
e 2 4 0
e 2 5 0
e 4 6 2
e 6 7 2
e 8 5 0
e 1 9 2
e 10 1 2
e 11 12 5
e 11 10 0
e 9 13 2
e 14 9 0
e 15 9 0
e 16 17 1
e 16 9 0
e 18 19 1
e 18 9 0
e 18 20 1
e 2 21 1
e 2 22 1
e 2 23 5
e 2 9 0
e 23 2 5
e 23 24 5
e 23 25 5
e 2 26 5
e 2 27 5
e 2 28 0
e 28 29 5
e 13 30 2
e 31 13 0
e 30 32 0
e 30 33 2
e 34 30 0
e 35 30 0
e 36 30 0
e 37 30 0
e 38 30 0
e 39 30 0
e 40 30 0
e 41 32 0
e 42 32 0
e 43 32 0
e 44 32 0
e 33 45 0
e 33 46 2
e 33 47 1
e 33 48 2
e 49 33 0
e 49 50 5
e 49 33 0
e 49 51 5
e 46 52 1
e 46 53 1
e 48 4 0
e 4 54 0
e 4 55 5
e 4 56 5
e 23 57 5
e 23 4 7
e 55 58 0
e 55 59 0
e 2 60 5
e 2 55 7
e 2 61 5
e 2 62 5
e 2 63 5
e 2 55 7
e 2 64 5
e 59 65 2
e 59 66 2
e 2 59 0
e 2 67 5
e 68 69 5
e 68 59 0
e 66 70 2
e 66 71 2
e 72 66 2
e 65 73 5
e 65 74 2
e 65 18 0
e 65 29 0
e 65 75 0
e 74 76 2
e 48 74 2
e 71 77 1
e 78 71 0
e 76 79 1
e 76 80 1
e 76 81 1
e 81 82 0
e 81 83 0
e 3 0 0
e 3 5 0
e 84 4 0
e 85 74 7
e 85 48 3
t # 23
v 0 1
v 1 0
v 2 0
v 3 0
v 4 0
v 5 0
v 6 0
v 7 15
v 8 3
v 9 0
v 10 0
v 11 0
v 12 0
v 13 0
v 14 0
v 15 0
v 16 0
v 17 0
v 18 0
v 19 0
v 20 0
v 21 0
v 22 0
v 23 0
v 24 0
v 25 0
v 26 4
v 27 0
v 28 0
v 29 0
v 30 0
v 31 0
v 32 0
v 33 0
v 34 0
v 35 0
v 36 0
v 37 0
v 38 0
v 39 3
v 40 0
v 41 7
v 42 10
v 43 10
v 44 10
v 45 10
e 0 1 0
e 0 2 0
e 1 2 2
e 3 1 0
e 4 2 0
e 5 6 2
e 5 7 0
e 5 2 2
e 5 8 5
e 5 4 0
e 6 9 2
e 10 6 0
e 11 6 0
e 12 6 0
e 13 6 0
e 9 14 2
e 9 15 2
e 14 16 2
e 16 17 2
e 18 16 0
e 17 19 2
e 20 17 0
e 19 21 2
e 19 22 2
e 23 19 0
e 21 24 0
e 22 25 2
e 26 22 0
e 27 25 2
e 28 25 2
e 25 29 2
e 25 30 2
e 29 31 0
e 29 32 2
e 29 33 5
e 29 34 1
e 29 35 0
e 35 31 2
e 34 36 0
e 37 34 0
e 32 38 0
e 32 39 5
e 32 40 0
e 41 38 1
e 42 1 0
e 43 1 0
e 44 45 2
e 44 35 0
e 45 31 0
t # 24
v 0 0
v 1 17
v 2 4
v 3 0
v 4 0
v 5 3
v 6 3
v 7 0
v 8 4
v 9 0
v 10 0
v 11 0
v 12 0
v 13 0
v 14 0
v 15 0
v 16 0
v 17 4
v 18 0
v 19 0
v 20 0
v 21 0
v 22 0
v 23 0
v 24 0
v 25 0
v 26 0
v 27 0
v 28 0
v 29 0
v 30 0
v 31 0
v 32 0
v 33 0
v 34 0
v 35 0
v 36 0
v 37 0
v 38 0
v 39 7
v 40 0
v 41 0
v 42 0
v 43 0
v 44 0
v 45 0
v 46 0
v 47 0
v 48 0
v 49 0
v 50 5
v 51 0
v 52 0
v 53 3
e 0 1 1
e 0 2 1
e 0 3 0
e 0 4 0
e 0 5 5
e 2 6 5
e 4 7 0
e 8 7 0
e 8 4 0
e 8 9 5
e 8 10 0
e 8 4 0
e 8 11 5
e 10 12 2
e 10 13 5
e 10 14 2
e 10 15 2
e 15 16 2
e 17 15 0
e 18 15 0
e 16 19 2
e 16 20 2
e 21 16 0
e 22 20 0
e 22 23 0
e 20 23 2
e 20 23 2
e 23 24 2
e 23 24 2
e 23 25 2
e 25 24 2
e 25 24 2
e 26 24 2
e 24 27 2
e 28 24 0
e 24 29 2
e 30 24 0
e 31 29 0
e 32 27 2
e 33 34 2
e 27 33 2
e 27 34 2
e 27 35 2
e 36 34 0
e 35 37 2
e 38 35 0
e 39 35 1
e 8 40 5
e 8 37 0
e 37 41 2
e 41 42 5
e 41 43 2
e 42 44 0
e 42 45 0
e 45 46 0
e 43 47 2
e 43 48 2
e 49 50 3
e 49 48 0
e 49 43 0
e 50 42 6
e 42 50 7
e 47 51 1
e 50 42 6
e 50 47 2
e 42 50 7
e 52 47 0
e 51 53 5
t # 25
v 0 4
v 1 11
v 2 0
v 3 0
v 4 0
v 5 0
v 6 4
v 7 6
v 8 15
v 9 7
v 10 0
v 11 4
v 12 0
v 13 0
v 14 4
v 15 0
v 16 0
v 17 0
v 18 4
v 19 4
v 20 0
v 21 0
v 22 0
v 23 4
v 24 0
v 25 5
v 26 0
v 27 0
v 28 0
v 29 0
v 30 0
v 31 0
v 32 0
v 33 0
e 0 1 1
e 0 2 5
e 0 3 0
e 3 4 2
e 3 5 0
e 6 3 0
e 5 7 1
e 5 8 1
e 9 8 0
e 4 10 2
e 11 4 0
e 10 12 2
e 12 13 2
e 14 12 0
e 13 15 2
e 16 13 1
e 15 17 2
e 18 15 0
e 19 15 0
e 18 17 0
e 18 20 1
e 20 17 0
e 20 21 5
e 22 15 0
e 23 15 0
e 24 15 0
e 15 25 2
e 26 15 0
e 27 25 2
e 28 27 0
e 29 25 3
e 25 29 4
e 25 30 2
e 31 30 2
e 32 30 0
e 33 30 0
t # 26
v 0 2
v 1 0
v 2 11
v 3 2
v 4 7
v 5 4
v 6 4
v 7 4
v 8 4
v 9 0
v 10 0
v 11 0
v 12 0
v 13 6
v 14 0
v 15 0
v 16 8
v 17 0
v 18 0
v 19 0
v 20 4
v 21 0
v 22 4
v 23 0
e 0 1 0
e 0 2 1
e 3 0 0
e 1 4 1
e 5 1 0
e 6 1 0
e 7 1 0
e 8 1 0
e 4 9 1
e 9 10 0
e 9 11 0
e 9 12 0
e 11 13 1
e 12 13 1
e 10 14 2
e 13 15 1
e 13 10 1
e 14 16 2
e 17 14 0
e 18 16 0
e 16 19 2
e 20 16 0
e 8 16 0
e 19 21 1
e 22 19 0
e 23 19 0
t # 27
v 0 0
v 1 4
v 2 0
v 3 3
v 4 0
v 5 0
v 6 0
v 7 0
v 8 0
v 9 0
v 10 0
v 11 0
v 12 0
v 13 0
v 14 6
v 15 6
v 16 0
v 17 10
v 18 15
v 19 6
v 20 3
v 21 7
v 22 5
v 23 0
v 24 0
v 25 0
v 26 4
v 27 4
v 28 0
v 29 0
v 30 0
v 31 0
v 32 4
v 33 0
v 34 0
v 35 5
v 36 6
v 37 8
v 38 5
v 39 0
v 40 0
v 41 0
v 42 0
v 43 6
v 44 0
v 45 0
v 46 4
v 47 4
v 48 0
v 49 0
v 50 0
v 51 0
v 52 14
v 53 0
v 54 14
v 55 14
v 56 14
v 57 4
v 58 0
v 59 8
v 60 3
e 0 1 0
e 1 2 0
e 1 3 5
e 1 4 0
e 2 5 2
e 2 6 2
e 6 7 2
e 6 8 2
e 8 9 2
e 10 8 0
e 9 11 2
e 11 12 2
e 13 11 0
e 12 14 2
e 15 12 1
e 16 17 2
e 16 18 0
e 16 19 2
e 16 9 3
e 16 20 1
e 21 18 0
e 22 23 8
e 22 24 2
e 23 22 3
e 24 25 2
e 26 24 0
e 27 24 0
e 28 24 0
e 25 29 2
e 30 25 0
e 29 31 2
e 32 29 0
e 31 33 2
e 34 31 0
e 33 35 2
e 34 33 0
e 36 33 1
e 35 37 2
e 35 38 2
e 39 35 3
e 40 35 3
e 41 40 3
e 41 42 5
e 37 43 2
e 37 44 2
e 45 37 0
e 46 44 0
e 47 44 0
e 48 44 0
e 49 44 0
e 38 50 4
e 38 51 2
e 38 52 2
e 50 38 3
e 53 38 2
e 52 54 1
e 55 52 0
e 55 56 5
e 17 22 0
e 17 57 1
e 17 58 1
e 17 59 0
e 60 53 3
e 60 38 7
t # 28
v 0 6
v 1 0
v 2 0
v 3 4
v 4 15
v 5 0
v 6 0
v 7 0
v 8 0
v 9 0
v 10 6
v 11 6
v 12 0
v 13 0
v 14 0
v 15 0
v 16 0
v 17 0
v 18 6
v 19 0
v 20 0
v 21 0
v 22 0
v 23 0
v 24 0
v 25 0
v 26 0
v 27 0
v 28 0
v 29 6
v 30 0
v 31 0
v 32 0
v 33 0
v 34 0
v 35 0
v 36 0
v 37 6
v 38 3
e 0 1 1
e 1 2 0
e 3 4 0
e 3 1 0
e 3 5 0
e 2 6 2
e 7 2 0
e 8 2 0
e 9 2 0
e 6 10 1
e 6 11 1
e 12 6 0
e 13 14 0
e 13 15 0
e 13 6 0
e 13 16 0
e 17 18 0
e 17 16 0
e 19 14 0
e 15 20 2
e 19 15 0
e 20 21 2
e 20 21 2
e 21 22 0
e 21 23 0
e 21 24 0
e 25 21 1
e 25 17 5
e 22 26 2
e 26 27 2
e 7 28 5
e 7 29 0
e 7 26 0
e 27 30 0
e 31 32 0
e 31 33 0
e 31 27 0
e 31 34 0
e 31 35 0
e 19 30 0
e 22 36 2
e 36 37 0
e 38 1 7
e 38 5 3
t # 29
v 0 0
v 1 11
v 2 4
v 3 0
v 4 4
v 5 0
v 6 4
v 7 0
v 8 0
v 9 0
v 10 0
v 11 0
v 12 0
v 13 0
v 14 0
v 15 0
v 16 4
v 17 4
v 18 0
v 19 0
v 20 6
v 21 6
v 22 15
v 23 0
v 24 6
v 25 0
v 26 4
v 27 4
v 28 0
v 29 0
v 30 0
v 31 0
v 32 0
v 33 0
v 34 0
v 35 0
v 36 0
v 37 0
v 38 0
v 39 0
v 40 0
v 41 6
v 42 0
v 43 6
v 44 0
v 45 0
v 46 0
v 47 0
v 48 0
v 49 0
v 50 0
v 51 0
v 52 0
v 53 0
v 54 0
v 55 0
v 56 0
v 57 3
v 58 0
v 59 0
v 60 0
v 61 0
v 62 0
v 63 0
v 64 0
v 65 0
v 66 0
v 67 0
v 68 5
v 69 0
v 70 5
v 71 0
v 72 0
v 73 0
v 74 3
v 75 3
v 76 3
e 0 1 1
e 2 0 0
e 3 4 1
e 3 5 0
e 3 0 0
e 3 6 1
e 7 3 1
e 5 8 2
e 5 9 2
e 10 5 0
e 11 8 0
e 9 12 2
e 13 9 0
e 14 9 0
e 12 15 2
e 16 15 0
e 16 17 1
e 18 19 5
e 18 20 1
e 18 16 0
e 18 21 1
e 17 22 1
e 22 23 0
e 24 25 1
e 24 22 0
e 26 23 0
e 27 23 0
e 23 28 2
e 28 29 2
e 28 30 0
e 28 31 0
e 28 32 0
e 28 33 0
e 28 34 0
e 28 35 0
e 28 36 0
e 29 37 2
e 29 38 0
e 29 39 0
e 29 40 0
e 41 29 1
e 38 42 0
e 43 39 1
e 44 45 2
e 45 46 5
e 37 46 2
e 37 47 2
e 37 44 2
e 37 45 2
e 47 48 0
e 47 49 0
e 47 50 0
e 47 51 0
e 47 52 0
e 47 53 0
e 49 54 0
e 49 55 0
e 52 53 2
e 56 57 5
e 48 56 5
e 48 58 5
e 48 51 1
e 51 59 2
e 51 60 2
e 61 51 1
e 60 62 0
e 60 63 3
e 59 64 0
e 59 65 5
e 59 66 0
e 59 67 3
e 59 68 2
e 64 66 2
e 68 69 6
e 69 68 7
e 70 71 8
e 70 72 2
e 71 70 3
e 72 73 2
e 62 72 3
e 73 67 3
e 74 7 3
e 74 3 7
e 75 47 7
e 76 68 3
e 76 70 7
t # 30
v 0 2
v 1 2
v 2 2
v 3 0
v 4 0
v 5 0
v 6 5
v 7 0
v 8 4
v 9 0
v 10 0
v 11 0
v 12 0
v 13 0
v 14 4
v 15 0
v 16 4
v 17 4
v 18 0
v 19 4
v 20 0
v 21 0
v 22 0
v 23 0
v 24 0
v 25 4
v 26 0
v 27 0
v 28 0
v 29 15
v 30 6
v 31 0
v 32 0
v 33 0
v 34 0
v 35 5
v 36 0
v 37 0
v 38 7
v 39 0
v 40 0
v 41 0
v 42 0
v 43 0
v 44 0
v 45 0
v 46 5
v 47 0
v 48 0
v 49 0
v 50 0
v 51 4
v 52 0
v 53 0
v 54 0
v 55 5
v 56 4
v 57 0
v 58 4
v 59 0
v 60 0
v 61 0
v 62 5
v 63 0
v 64 0
v 65 0
v 66 0
v 67 5
v 68 0
v 69 0
v 70 0
v 71 0
v 72 3
v 73 3
v 74 3
v 75 3
v 76 3
e 0 1 0
e 2 1 0
e 2 3 1
e 3 4 0
e 3 5 0
e 3 6 1
e 7 6 0
e 6 8 4
e 6 9 4
e 6 10 2
e 10 11 2
e 11 12 1
e 11 13 2
e 14 11 0
e 14 15 5
e 16 11 0
e 17 11 0
e 18 11 0
e 19 12 0
e 13 20 2
e 21 13 0
e 22 23 5
e 22 13 0
e 20 24 2
e 25 20 0
e 24 26 2
e 26 27 2
e 28 26 0
e 19 27 0
e 27 29 1
e 27 30 1
e 27 31 2
e 32 33 0
e 32 34 0
e 32 35 2
e 32 36 1
e 32 37 2
e 32 38 1
e 32 31 0
e 32 39 0
e 32 40 0
e 32 41 0
e 35 42 4
e 35 43 4
e 43 35 3
e 42 35 3
e 37 44 1
e 37 45 2
e 46 47 4
e 47 48 1
e 47 46 3
e 47 49 1
e 45 50 2
e 51 45 0
e 50 52 2
e 53 50 0
e 52 54 5
e 52 55 2
e 52 56 1
e 57 52 0
e 58 52 0
e 59 55 3
e 55 59 4
e 55 60 2
e 55 61 2
e 55 62 2
e 62 63 8
e 62 64 8
e 64 62 3
e 63 62 3
e 60 56 1
e 60 65 1
e 60 66 5
e 67 56 9
e 68 67 2
e 69 61 2
e 70 61 0
e 71 61 0
e 72 1 3
e 73 6 7
e 73 3 3
e 74 47 7
e 74 37 3
e 75 68 3
e 75 67 7
e 76 61 7
e 76 69 3
t # 31
v 0 0
v 1 11
v 2 13
v 3 0
v 4 0
v 5 4
v 6 0
v 7 0
v 8 6
v 9 0
v 10 4
v 11 0
v 12 10
v 13 0
v 14 6
v 15 10
v 16 0
v 17 4
v 18 4
v 19 0
v 20 0
v 21 0
v 22 3
v 23 0
v 24 0
v 25 0
v 26 0
v 27 0
v 28 0
v 29 0
v 30 0
v 31 0
v 32 0
v 33 0
v 34 6
v 35 0
v 36 0
v 37 0
v 38 10
v 39 0
v 40 0
v 41 4
v 42 5
v 43 0
v 44 0
v 45 5
v 46 0
v 47 10
v 48 0
v 49 0
v 50 0
v 51 0
v 52 0
v 53 0
v 54 10
v 55 0
v 56 0
v 57 0
v 58 0
v 59 0
v 60 0
v 61 0
v 62 0
v 63 0
v 64 5
v 65 0
v 66 0
v 67 0
v 68 0
v 69 4
v 70 0
v 71 4
v 72 10
v 73 10
v 74 0
v 75 3
v 76 0
e 0 1 1
e 2 0 0
e 3 0 2
e 3 4 2
e 5 3 0
e 5 6 0
e 6 7 5
e 6 8 0
e 4 9 0
e 4 10 0
e 4 11 0
e 4 12 0
e 4 13 0
e 13 14 1
e 13 15 2
e 16 15 2
e 17 15 1
e 18 15 1
e 19 20 2
e 19 21 2
e 19 22 5
e 23 20 2
e 21 24 2
e 25 21 3
e 26 21 3
e 27 21 3
e 28 21 3
e 24 29 2
e 24 30 0
e 24 31 0
e 2 24 0
e 32 24 1
e 33 34 1
e 33 24 0
e 33 31 0
e 35 30 0
e 35 24 0
e 29 36 2
e 37 38 0
e 2 29 0
e 36 39 2
e 40 36 0
e 2 39 0
e 41 39 0
e 39 42 2
e 42 43 9
e 42 44 1
e 42 45 7
e 45 46 6
e 45 47 2
e 46 45 7
e 48 45 2
e 49 45 7
e 50 47 3
e 50 51 5
e 52 51 0
e 53 54 2
e 55 53 0
e 56 57 2
e 56 58 0
e 59 56 0
e 59 60 0
e 58 61 0
e 57 62 1
e 57 63 1
e 64 44 6
e 44 64 7
e 63 64 2
e 63 65 2
e 66 65 2
e 66 67 0
e 67 65 2
e 65 68 2
e 55 65 0
e 69 65 0
e 68 70 2
e 71 68 0
e 55 68 0
e 72 3 0
e 12 11 0
e 15 19 0
e 38 29 0
e 73 48 0
e 47 53 0
e 54 56 0
e 54 74 0
e 75 68 7
e 75 76 3
t # 32
v 0 0
v 1 0
v 2 0
v 3 0
v 4 14
v 5 0
v 6 8
v 7 0
v 8 0
v 9 0
v 10 0
v 11 0
v 12 0
v 13 0
v 14 0
v 15 0
v 16 4
e 0 1 0
e 0 2 1
e 3 1 0
e 2 4 2
e 2 5 0
e 6 2 0
e 7 6 0
e 5 8 2
e 9 5 0
e 8 10 2
e 8 11 2
e 10 12 2
e 13 10 0
e 13 12 0
e 13 8 0
e 11 14 2
e 11 15 2
e 16 15 0
t # 33
v 0 17
v 1 17
v 2 0
v 3 17
v 4 0
v 5 0
v 6 0
v 7 0
v 8 0
v 9 0
v 10 0
v 11 0
v 12 0
v 13 0
v 14 4
v 15 0
v 16 6
v 17 0
v 18 15
v 19 0
v 20 0
v 21 0
v 22 0
v 23 0
v 24 13
v 25 24
v 26 0
v 27 15
v 28 0
v 29 0
v 30 13
v 31 0
v 32 0
v 33 13
v 34 0
v 35 0
v 36 0
v 37 0
v 38 0
v 39 0
v 40 0
v 41 0
v 42 15
v 43 6
v 44 7
v 45 0
v 46 0
v 47 0
v 48 4
v 49 0
v 50 0
v 51 0
v 52 0
v 53 0
v 54 0
v 55 0
v 56 0
v 57 0
v 58 0
v 59 0
v 60 0
v 61 6
v 62 0
v 63 0
v 64 0
v 65 0
v 66 0
v 67 0
v 68 0
v 69 0
v 70 0
v 71 0
v 72 25
v 73 0
v 74 25
v 75 3
e 0 1 1
e 0 2 1
e 0 3 1
e 2 4 0
e 2 5 1
e 2 6 1
e 2 7 1
e 8 6 0
e 9 6 0
e 5 10 2
e 5 11 2
e 10 12 0
e 13 10 0
e 14 12 0
e 11 15 2
e 11 16 5
e 17 18 1
e 17 11 0
e 15 19 2
e 20 15 0
e 19 21 2
e 22 19 0
e 22 23 0
e 24 23 0
e 24 25 0
e 21 26 0
e 27 21 1
e 28 27 0
e 26 29 2
e 30 26 0
e 31 29 0
e 32 29 0
e 29 33 1
e 29 34 2
e 34 35 2
e 36 34 0
e 35 37 0
e 35 38 2
e 39 35 0
e 38 40 2
e 41 38 0
e 42 38 1
e 43 42 0
e 44 42 0
e 40 45 2
e 46 40 0
e 45 47 2
e 48 45 0
e 49 45 0
e 50 45 0
e 47 51 2
e 52 47 0
e 51 53 2
e 54 51 0
e 53 55 2
e 53 56 0
e 53 57 0
e 53 58 0
e 53 59 0
e 60 53 2
e 61 57 1
e 62 53 0
e 55 63 2
e 55 64 2
e 65 63 0
e 66 64 0
e 64 67 7
e 64 68 2
e 69 64 2
e 68 70 2
e 24 68 0
e 24 71 1
e 71 68 0
e 70 72 2
e 70 73 1
e 72 74 2
e 75 4 7
e 75 2 3
t # 34
v 0 6
v 1 0
v 2 0
v 3 0
v 4 6
v 5 0
v 6 3
v 7 0
v 8 0
v 9 0
v 10 3
v 11 0
v 12 0
v 13 6
v 14 0
v 15 0
v 16 6
v 17 0
v 18 0
v 19 6
v 20 0
v 21 0
v 22 0
v 23 0
v 24 0
v 25 0
v 26 6
v 27 0
v 28 0
v 29 0
v 30 0
v 31 0
v 32 0
v 33 0
v 34 0
v 35 7
v 36 0
v 37 7
v 38 13
v 39 0
v 40 0
v 41 13
v 42 13
v 43 13
v 44 0
v 45 0
v 46 0
v 47 0
v 48 6
v 49 0
v 50 0
v 51 0
v 52 0
v 53 0
v 54 8
v 55 0
v 56 6
v 57 6
v 58 0
v 59 0
v 60 0
v 61 0
v 62 0
v 63 0
v 64 4
v 65 0
v 66 0
v 67 0
v 68 0
v 69 6
v 70 0
v 71 8
v 72 0
v 73 0
v 74 0
v 75 0
v 76 0
v 77 10
v 78 18
v 79 18
v 80 3
e 0 1 1
e 1 2 2
e 1 3 2
e 4 1 1
e 3 5 2
e 3 6 5
e 5 7 0
e 8 5 2
e 9 10 5
e 9 8 0
e 7 11 2
e 9 7 0
e 11 12 2
e 13 11 1
e 12 14 2
e 15 12 0
e 16 15 1
e 14 17 2
e 14 18 0
e 9 14 0
e 17 19 1
e 17 20 2
e 21 17 0
e 20 22 2
e 20 23 2
e 9 24 5
e 9 20 0
e 25 20 0
e 26 20 1
e 22 27 5
e 20 22 0
e 9 27 0
e 9 28 0
e 29 28 2
e 9 22 0
e 9 30 1
e 9 31 5
e 30 32 5
e 30 33 5
e 30 34 1
e 30 35 1
e 34 36 5
e 35 37 1
e 35 38 0
e 39 38 2
e 38 40 2
e 41 38 0
e 42 38 0
e 43 38 0
e 40 44 1
e 40 45 2
e 46 45 0
e 43 44 0
e 44 47 2
e 47 48 1
e 47 49 2
e 47 50 2
e 50 48 1
e 49 51 2
e 52 53 2
e 52 20 0
e 52 54 0
e 51 52 2
e 55 20 0
e 56 20 1
e 54 57 1
e 9 54 0
e 57 58 1
e 53 59 0
e 53 60 1
e 53 61 2
e 53 62 0
e 60 63 2
e 64 60 0
e 63 65 2
e 63 66 2
e 67 63 3
e 53 67 7
e 68 63 0
e 65 69 1
e 70 65 0
e 71 65 0
e 72 71 0
e 61 73 2
e 61 74 0
e 61 75 0
e 75 74 5
e 76 74 2
e 52 73 2
e 77 2 0
e 78 68 0
e 79 76 0
e 80 73 7
e 80 52 3
t # 35
v 0 1
v 1 14
v 2 0
v 3 0
v 4 0
v 5 1
v 6 6
v 7 0
v 8 0
v 9 0
v 10 4
v 11 0
v 12 0
v 13 0
v 14 0
v 15 0
v 16 0
v 17 0
v 18 0
v 19 6
v 20 3
v 21 0
v 22 18
e 0 1 0
e 0 2 1
e 2 3 0
e 2 1 0
e 0 3 0
e 0 4 3
e 0 5 5
e 0 6 1
e 0 7 0
e 0 8 1
e 7 9 5
e 7 10 1
e 10 11 0
e 9 12 5
e 9 13 0
e 9 14 2
e 15 13 3
e 14 16 2
e 14 17 1
e 18 17 0
e 18 14 0
e 16 19 1
e 16 20 5
e 16 21 5
e 22 16 0
t # 36
v 0 0
v 1 0
v 2 6
v 3 0
v 4 0
v 5 0
v 6 0
v 7 0
v 8 0
v 9 4
v 10 0
v 11 4
v 12 0
v 13 0
v 14 4
v 15 4
v 16 0
v 17 0
v 18 4
v 19 4
v 20 0
v 21 0
v 22 0
v 23 0
v 24 0
v 25 0
v 26 0
v 27 0
v 28 4
v 29 0
v 30 0
v 31 0
v 32 0
v 33 4
v 34 0
v 35 4
v 36 0
v 37 0
v 38 0
v 39 0
v 40 0
v 41 0
v 42 0
v 43 0
v 44 0
v 45 0
v 46 3
v 47 3
v 48 3
v 49 0
v 50 3
e 0 1 2
e 0 2 1
e 3 0 0
e 4 0 0
e 5 0 0
e 1 6 2
e 7 1 0
e 8 1 0
e 9 1 0
e 6 10 2
e 11 6 0
e 12 6 0
e 10 13 2
e 14 10 0
e 15 10 0
e 16 10 0
e 17 10 0
e 18 10 0
e 19 10 0
e 13 20 2
e 13 21 2
e 20 22 2
e 22 23 0
e 22 24 2
e 25 22 0
e 26 22 0
e 24 27 2
e 28 24 0
e 27 29 2
e 29 30 2
e 30 31 2
e 32 30 0
e 33 30 0
e 31 34 1
e 35 31 0
e 36 31 0
e 34 37 2
e 38 37 0
e 37 39 2
e 40 39 3
e 40 41 0
e 40 42 0
e 40 43 0
e 39 44 2
e 39 45 2
e 41 46 5
e 43 47 5
e 42 48 5
e 44 49 1
e 45 49 1
e 50 0 7
e 50 3 3
t # 37
v 0 0
v 1 0
v 2 5
v 3 0
v 4 0
v 5 0
v 6 0
v 7 6
v 8 4
v 9 0
v 10 0
v 11 0
v 12 0
v 13 0
v 14 6
v 15 0
v 16 6
v 17 0
v 18 0
v 19 6
v 20 0
v 21 0
v 22 0
v 23 0
v 24 0
v 25 0
v 26 0
v 27 4
v 28 0
v 29 0
v 30 0
v 31 0
v 32 0
v 33 0
v 34 6
v 35 6
v 36 0
v 37 14
v 38 0
v 39 0
v 40 3
v 41 26
v 42 3
e 0 1 1
e 2 3 4
e 2 1 2
e 3 2 3
e 1 4 2
e 5 1 0
e 6 1 0
e 7 1 1
e 8 1 0
e 9 1 0
e 4 10 2
e 11 4 0
e 10 12 2
e 11 10 0
e 11 13 5
e 11 14 1
e 11 15 5
e 11 16 1
e 12 17 2
e 11 12 0
e 11 18 5
e 17 19 1
e 17 20 2
e 17 21 2
e 21 19 1
e 20 22 2
e 22 23 2
e 22 24 2
e 25 22 0
e 23 26 2
e 27 23 3
e 28 23 3
e 26 29 0
e 26 30 2
e 26 31 5
e 30 32 2
e 32 33 2
e 32 34 0
e 33 35 5
e 33 36 2
e 36 37 2
e 36 38 2
e 39 36 2
e 37 40 5
e 37 41 1
e 42 2 3
e 42 1 7
t # 38
v 0 0
v 1 0
v 2 0
v 3 0
v 4 7
v 5 0
v 6 4
v 7 0
v 8 0
v 9 3
v 10 0
v 11 0
v 12 4
v 13 0
v 14 0
v 15 0
v 16 0
v 17 0
v 18 0
v 19 0
v 20 0
v 21 0
v 22 0
v 23 6
v 24 0
v 25 0
v 26 0
v 27 0
v 28 0
v 29 0
v 30 0
v 31 0
v 32 0
v 33 0
v 34 0
v 35 0
v 36 0
v 37 0
v 38 4
v 39 0
v 40 4
v 41 0
v 42 0
v 43 0
v 44 0
v 45 0
v 46 0
v 47 0
v 48 0
v 49 0
v 50 0
v 51 0
v 52 0
v 53 0
v 54 0
v 55 0
v 56 0
v 57 0
v 58 0
v 59 7
v 60 6
v 61 4
v 62 7
v 63 6
v 64 0
v 65 0
v 66 0
v 67 0
v 68 0
v 69 0
v 70 4
v 71 0
v 72 0
v 73 0
v 74 0
v 75 0
e 0 1 0
e 0 2 1
e 0 3 1
e 0 4 1
e 0 5 1
e 0 6 0
e 0 7 0
e 0 8 1
e 7 9 5
e 8 10 5
e 8 11 2
e 12 8 0
e 1 13 0
e 1 8 0
e 14 8 0
e 15 8 0
e 11 16 2
e 17 11 0
e 18 11 0
e 19 11 0
e 20 11 0
e 16 21 2
e 22 16 0
e 22 23 1
e 4 16 0
e 24 25 5
e 24 16 0
e 24 26 5
e 21 27 2
e 27 28 2
e 29 27 0
e 30 31 1
e 30 32 1
e 30 27 0
e 21 31 2
e 28 33 2
e 28 34 2
e 28 35 2
e 24 33 0
e 24 36 1
e 24 28 0
e 36 37 1
e 36 38 1
e 34 39 2
e 40 34 0
e 39 41 0
e 39 42 0
e 39 43 2
e 44 39 0
e 44 45 0
e 43 46 0
e 43 47 0
e 43 48 2
e 49 47 0
e 50 47 0
e 26 47 0
e 51 47 0
e 52 46 0
e 48 53 0
e 48 54 0
e 48 55 2
e 48 56 0
e 48 57 0
e 48 58 0
e 48 59 1
e 54 60 1
e 61 54 0
e 55 62 1
e 55 63 1
e 55 64 2
e 65 55 0
e 64 66 1
e 64 67 0
e 66 68 2
e 66 68 2
e 68 69 2
e 70 68 0
e 71 68 0
e 69 72 1
e 69 73 0
e 73 74 1
e 73 75 1
t # 39
v 0 0
v 1 2
v 2 0
v 3 0
v 4 4
v 5 0
v 6 4
v 7 0
v 8 6
v 9 0
v 10 0
v 11 4
v 12 6
v 13 0
v 14 0
v 15 0
v 16 0
v 17 0
v 18 0
v 19 4
v 20 0
v 21 0
v 22 0
v 23 0
v 24 0
e 0 1 2
e 0 2 2
e 3 0 0
e 4 0 0
e 5 0 0
e 6 0 0
e 2 7 2
e 2 8 1
e 2 9 2
e 9 8 1
e 7 10 2
e 11 12 1
e 11 13 5
e 11 14 5
e 11 7 0
e 10 15 2
e 11 16 5
e 11 10 0
e 16 17 5
e 16 18 5
e 16 19 5
e 20 21 5
e 20 10 0
e 19 15 0
e 15 22 2
e 22 23 2
e 23 24 1
t # 40
v 0 0
v 1 0
v 2 10
v 3 4
v 4 0
v 5 0
v 6 0
v 7 0
v 8 4
v 9 4
v 10 0
v 11 4
v 12 0
v 13 4
v 14 6
v 15 0
v 16 0
v 17 0
v 18 0
v 19 0
v 20 0
v 21 0
v 22 0
v 23 0
v 24 0
v 25 0
v 26 0
v 27 0
v 28 0
v 29 0
v 30 0
v 31 0
v 32 0
v 33 0
v 34 0
v 35 0
v 36 0
v 37 0
v 38 3
v 39 10
v 40 3
v 41 3
e 0 1 0
e 0 2 1
e 3 4 1
e 5 6 0
e 5 7 2
e 8 5 0
e 9 5 0
e 10 5 0
e 11 5 0
e 12 5 0
e 12 13 1
e 13 5 0
e 14 5 1
e 7 15 2
e 7 16 2
e 17 7 0
e 16 18 5
e 19 16 0
e 19 20 1
e 20 16 0
e 15 21 2
e 15 22 0
e 15 23 0
e 24 15 0
e 25 22 0
e 21 26 2
e 21 27 2
e 27 28 2
e 29 27 0
e 28 30 2
e 28 31 2
e 31 32 0
e 32 33 0
e 32 34 0
e 30 35 7
e 30 31 1
e 36 35 2
e 37 35 2
e 38 1 5
e 2 5 0
e 2 3 0
e 2 4 0
e 39 34 0
e 40 33 5
e 41 35 7
e 41 31 3
t # 41
v 0 0
v 1 0
v 2 0
v 3 0
v 4 0
v 5 4
v 6 0
v 7 6
v 8 0
v 9 7
v 10 6
v 11 6
v 12 6
v 13 0
v 14 0
v 15 0
v 16 0
v 17 0
v 18 0
v 19 0
v 20 4
v 21 0
v 22 0
v 23 6
v 24 6
v 25 6
v 26 15
v 27 6
v 28 0
v 29 0
v 30 0
v 31 0
v 32 0
v 33 0
v 34 0
v 35 6
v 36 0
v 37 0
v 38 0
v 39 0
v 40 0
v 41 0
v 42 0
v 43 0
v 44 0
v 45 0
v 46 0
v 47 0
v 48 0
v 49 6
v 50 0
v 51 0
v 52 0
v 53 0
v 54 0
v 55 0
v 56 0
v 57 0
v 58 0
v 59 0
v 60 0
v 61 0
v 62 0
v 63 0
v 64 0
v 65 0
e 0 1 2
e 2 3 1
e 2 0 0
e 2 4 1
e 4 0 0
e 3 0 0
e 5 6 1
e 5 0 0
e 1 7 1
e 1 8 2
e 7 9 0
e 7 10 0
e 7 3 0
e 7 11 0
e 7 12 0
e 8 13 2
e 8 14 0
e 15 8 0
e 16 8 0
e 13 17 0
e 13 18 2
e 19 13 0
e 20 13 0
e 21 13 0
e 22 13 0
e 23 13 1
e 23 24 1
e 23 25 1
e 23 26 1
e 26 27 5
e 18 28 2
e 29 18 0
e 30 18 0
e 28 31 2
e 31 32 0
e 31 33 0
e 31 34 0
e 31 35 0
e 31 36 2
e 37 31 0
e 38 31 0
e 36 39 2
e 36 40 2
e 40 41 2
e 42 40 0
e 43 40 0
e 44 40 0
e 41 45 0
e 41 46 0
e 41 47 2
e 47 48 2
e 49 47 0
e 48 50 2
e 48 51 2
e 50 52 2
e 50 53 2
e 50 54 2
e 50 55 2
e 50 56 2
e 57 52 0
e 56 58 2
e 59 56 0
e 58 60 2
e 30 61 1
e 30 58 0
e 60 62 1
e 60 63 3
e 60 64 1
e 63 65 0
t # 42
v 0 2
v 1 0
v 2 0
v 3 3
v 4 0
v 5 0
v 6 0
v 7 5
v 8 9
v 9 9
v 10 0
v 11 0
v 12 0
v 13 0
v 14 4
v 15 0
v 16 0
v 17 4
v 18 0
v 19 0
v 20 0
v 21 0
v 22 6
v 23 6
v 24 0
v 25 0
v 26 13
v 27 0
v 28 0
v 29 0
v 30 0
v 31 0
v 32 4
v 33 0
v 34 0
v 35 6
v 36 0
v 37 0
v 38 0
v 39 0
v 40 0
v 41 6
v 42 0
v 43 0
v 44 0
v 45 0
v 46 0
v 47 0
v 48 0
v 49 4
v 50 0
v 51 0
v 52 0
v 53 0
v 54 5
v 55 0
v 56 0
v 57 0
v 58 0
v 59 0
v 60 0
v 61 0
v 62 0
v 63 0
v 64 0
v 65 8
v 66 6
v 67 5
v 68 0
v 69 0
v 70 5
v 71 0
v 72 0
v 73 0
v 74 0
v 75 0
v 76 0
v 77 3
v 78 15
v 79 3
v 80 6
v 81 10
v 82 3
v 83 18
v 84 3
e 0 1 0
e 0 2 0
e 0 3 5
e 4 0 0
e 2 5 0
e 2 6 1
e 6 7 1
e 6 8 0
e 6 9 0
e 7 10 4
e 7 11 1
e 7 12 2
e 7 13 5
e 10 7 3
e 11 14 1
e 15 11 0
e 16 11 0
e 17 11 0
e 12 18 2
e 12 19 0
e 20 12 0
e 21 12 0
e 22 12 0
e 19 23 5
e 18 24 2
e 25 18 0
e 24 26 2
e 25 24 0
e 25 24 0
e 27 25 3
e 26 28 0
e 29 30 0
e 29 31 2
e 29 26 2
e 32 29 0
e 33 29 0
e 31 34 0
e 31 35 1
e 31 36 2
e 31 37 0
e 31 38 0
e 39 31 0
e 35 40 1
e 35 41 1
e 35 42 1
e 35 43 1
e 36 44 0
e 36 45 0
e 36 46 0
e 46 47 0
e 46 48 0
e 49 36 0
e 8 36 0
e 28 50 2
e 28 51 0
e 28 37 0
e 28 34 0
e 28 52 0
e 50 53 2
e 50 54 2
e 55 54 3
e 54 55 4
e 53 56 3
e 53 57 0
e 53 58 0
e 53 59 0
e 56 60 0
e 57 61 1
e 57 62 1
e 59 63 0
e 58 64 0
e 65 66 1
e 65 67 2
e 67 68 6
e 67 69 2
e 67 68 1
e 67 70 2
e 67 71 2
e 67 72 2
e 68 67 7
e 70 73 6
e 73 70 7
e 69 74 5
e 75 71 2
e 76 71 2
e 68 77 5
e 68 78 2
e 53 79 5
e 53 68 0
e 80 78 1
e 81 2 0
e 82 11 3
e 82 7 3
e 83 66 0
e 84 71 7
e 84 75 3
e 84 76 3
t # 43
v 0 2
v 1 0
v 2 14
v 3 0
v 4 0
v 5 1
v 6 0
v 7 0
v 8 4
v 9 0
v 10 10
v 11 6
v 12 0
v 13 0
v 14 0
v 15 0
v 16 0
v 17 4
v 18 0
v 19 7
v 20 6
v 21 0
v 22 0
v 23 0
v 24 0
v 25 0
v 26 6
v 27 0
v 28 0
v 29 0
v 30 0
v 31 0
v 32 0
v 33 0
v 34 0
v 35 0
v 36 0
v 37 13
v 38 4
v 39 0
v 40 5
v 41 0
v 42 6
v 43 0
v 44 0
v 45 0
v 46 0
v 47 0
v 48 15
v 49 7
v 50 0
v 51 0
v 52 0
v 53 0
v 54 0
v 55 0
v 56 0
v 57 0
v 58 0
v 59 0
v 60 0
v 61 0
v 62 6
v 63 0
v 64 0
v 65 0
v 66 0
v 67 0
v 68 0
v 69 0
v 70 0
v 71 0
v 72 0
v 73 16
v 74 3
v 75 10
v 76 18
v 77 3
e 0 1 0
e 0 2 1
e 0 3 1
e 0 4 0
e 0 5 1
e 1 6 5
e 4 7 0
e 4 8 0
e 4 9 0
e 8 10 3
e 9 11 0
e 9 12 2
e 13 9 0
e 14 9 1
e 15 9 1
e 12 16 2
e 17 12 0
e 18 12 0
e 19 12 1
e 20 12 1
e 16 21 2
e 22 23 5
e 22 16 0
e 22 24 0
e 22 25 0
e 26 16 1
e 21 27 2
e 27 28 2
e 27 29 2
e 27 30 2
e 31 27 3
e 29 32 0
e 29 30 2
e 29 33 0
e 34 28 2
e 28 35 1
e 36 28 0
e 23 28 0
e 37 28 0
e 35 38 1
e 35 39 1
e 40 41 4
e 41 40 3
e 41 38 0
e 39 42 1
e 39 43 2
e 39 31 2
e 31 44 0
e 31 45 2
e 31 46 0
e 47 45 0
e 48 45 1
e 49 48 0
e 43 50 2
e 43 51 2
e 43 52 2
e 52 51 7
e 50 53 2
e 50 54 2
e 53 55 2
e 53 56 2
e 57 53 1
e 58 56 3
e 59 55 2
e 55 60 2
e 55 61 1
e 61 62 5
e 61 63 5
e 60 64 2
e 65 60 2
e 66 67 5
e 66 60 3
e 64 68 2
e 69 64 2
e 70 64 2
e 71 68 0
e 72 68 1
e 31 72 2
e 73 30 0
e 74 28 7
e 74 34 3
e 75 69 0
e 75 64 0
e 76 75 0
e 77 31 3
e 77 72 7
t # 44
v 0 0
v 1 6
v 2 0
v 3 4
v 4 0
v 5 8
v 6 8
v 7 0
v 8 0
v 9 4
v 10 0
v 11 4
v 12 0
v 13 15
v 14 0
v 15 0
v 16 0
v 17 6
v 18 0
v 19 0
v 20 0
v 21 0
v 22 0
v 23 0
v 24 0
v 25 0
v 26 0
v 27 0
v 28 0
v 29 0
v 30 0
v 31 4
v 32 0
v 33 0
v 34 13
v 35 0
v 36 13
v 37 13
v 38 0
v 39 0
v 40 0
v 41 4
v 42 0
v 43 0
v 44 0
v 45 0
v 46 0
v 47 0
v 48 0
v 49 0
v 50 0
v 51 0
v 52 0
v 53 0
v 54 0
v 55 0
v 56 0
v 57 0
v 58 0
v 59 0
v 60 0
v 61 0
v 62 0
v 63 0
v 64 0
v 65 0
v 66 0
v 67 0
v 68 0
v 69 0
v 70 0
v 71 5
v 72 0
v 73 0
v 74 3
v 75 3
v 76 3
e 0 1 1
e 0 2 2
e 3 0 0
e 4 3 2
e 2 5 0
e 2 6 0
e 7 8 0
e 7 9 0
e 7 6 0
e 7 10 0
e 7 11 0
e 12 6 0
e 5 13 2
e 14 15 0
e 16 13 0
e 13 17 1
e 13 18 2
e 18 19 2
e 18 20 0
e 21 18 0
e 22 20 0
e 19 23 2
e 3 24 1
e 3 25 1
e 3 19 0
e 3 26 1
e 3 27 1
e 3 19 0
e 3 28 5
e 23 29 2
e 3 23 0
e 29 30 2
e 3 29 0
e 31 29 0
e 32 29 0
e 33 29 0
e 30 34 2
e 34 35 2
e 36 34 0
e 37 34 0
e 35 38 1
e 35 39 2
e 35 40 2
e 41 40 0
e 39 42 2
e 43 39 0
e 44 45 1
e 44 43 1
e 42 46 1
e 42 47 2
e 47 48 2
e 49 47 0
e 50 47 0
e 48 51 1
e 48 52 2
e 44 51 0
e 52 53 2
e 54 52 0
e 55 52 0
e 53 56 2
e 57 53 0
e 56 58 1
e 56 59 0
e 59 60 0
e 59 61 2
e 59 62 0
e 62 63 0
e 62 64 0
e 62 65 0
e 61 64 0
e 61 66 0
e 61 65 0
e 61 67 0
e 61 68 1
e 68 69 0
e 68 70 0
e 60 71 1
e 71 3 6
e 58 72 2
e 58 73 1
e 71 72 0
e 74 3 3
e 74 0 7
e 75 71 7
e 76 72 7
t # 45
v 0 0
v 1 0
v 2 6
v 3 6
v 4 4
v 5 0
v 6 0
v 7 3
v 8 0
v 9 7
v 10 0
v 11 0
v 12 0
v 13 0
v 14 4
v 15 0
v 16 0
v 17 5
v 18 0
v 19 6
v 20 0
v 21 7
v 22 6
v 23 0
v 24 0
v 25 0
v 26 0
v 27 0
v 28 0
v 29 0
v 30 0
v 31 0
v 32 0
v 33 0
v 34 0
v 35 4
v 36 0
v 37 0
v 38 0
v 39 0
v 40 0
v 41 0
v 42 4
v 43 0
v 44 4
v 45 0
v 46 0
v 47 0
v 48 3
v 49 0
v 50 0
v 51 5
v 52 0
v 53 0
v 54 0
v 55 3
e 0 1 0
e 0 2 0
e 0 3 1
e 4 0 0
e 4 5 5
e 6 0 0
e 5 7 5
e 8 9 5
e 8 10 0
e 8 0 1
e 8 11 0
e 10 12 0
e 13 1 2
e 14 1 2
e 14 13 0
e 15 16 0
e 16 1 2
e 17 18 6
e 17 7 5
e 17 16 2
e 18 17 7
e 2 19 1
e 2 20 2
e 2 21 1
e 20 22 1
e 20 23 2
e 24 20 0
e 25 20 0
e 26 20 0
e 27 20 0
e 28 20 0
e 4 20 0
e 23 29 2
e 30 23 0
e 31 23 0
e 32 23 0
e 33 23 0
e 29 34 2
e 35 29 0
e 36 29 0
e 37 29 0
e 38 39 1
e 38 29 0
e 38 40 1
e 34 41 2
e 42 34 0
e 41 43 2
e 44 41 0
e 43 45 2
e 43 34 2
e 46 43 0
e 45 47 1
e 45 48 5
e 47 49 0
e 47 50 0
e 47 51 0
e 47 52 0
e 47 6 0
e 51 53 8
e 51 6 2
e 50 40 0
e 50 39 0
e 54 34 0
e 7 12 0
e 55 13 5
t # 46
v 0 0
v 1 4
v 2 3
v 3 4
v 4 4
v 5 0
v 6 4
v 7 4
v 8 0
v 9 0
v 10 4
v 11 0
v 12 0
v 13 0
v 14 0
v 15 0
v 16 0
v 17 4
v 18 0
v 19 0
v 20 0
v 21 0
v 22 0
v 23 0
v 24 4
v 25 0
v 26 4
v 27 0
v 28 0
v 29 6
v 30 0
v 31 6
v 32 0
v 33 0
v 34 0
v 35 0
v 36 0
v 37 0
v 38 0
v 39 3
v 40 0
v 41 0
v 42 0
v 43 3
v 44 3
v 45 0
v 46 0
v 47 3
v 48 0
v 49 0
e 0 1 1
e 1 2 5
e 1 3 1
e 3 4 1
e 3 5 1
e 3 6 1
e 3 7 1
e 6 8 5
e 5 9 0
e 10 5 0
e 1 5 0
e 9 11 2
e 12 9 0
e 13 9 0
e 14 9 0
e 15 9 0
e 11 16 2
e 1 11 0
e 17 18 5
e 17 11 0
e 16 19 2
e 19 20 2
e 19 21 2
e 19 22 2
e 20 21 2
e 22 23 2
e 24 22 0
e 25 22 0
e 26 22 0
e 23 27 2
e 28 23 0
e 27 29 1
e 27 30 2
e 29 31 1
e 30 32 2
e 32 33 2
e 34 32 0
e 34 35 0
e 36 37 0
e 36 32 0
e 33 38 3
e 33 39 5
e 33 40 0
e 33 41 0
e 33 42 2
e 41 43 5
e 41 40 2
e 40 44 5
e 42 45 5
e 42 46 0
e 42 47 5
e 42 48 0
e 49 42 0
t # 47
v 0 11
v 1 0
v 2 6
v 3 0
v 4 0
v 5 0
v 6 0
v 7 4
v 8 0
v 9 4
v 10 4
v 11 0
v 12 4
v 13 0
v 14 0
v 15 0
v 16 0
v 17 0
v 18 4
v 19 4
v 20 4
v 21 0
v 22 0
v 23 0
v 24 4
v 25 0
v 26 0
v 27 0
v 28 4
v 29 0
v 30 0
v 31 4
v 32 0
v 33 0
v 34 8
v 35 4
v 36 0
v 37 0
v 38 4
v 39 4
v 40 0
v 41 4
v 42 4
v 43 4
v 44 0
v 45 0
v 46 0
v 47 0
v 48 0
v 49 0
v 50 0
v 51 0
v 52 0
v 53 4
v 54 0
v 55 4
v 56 0
v 57 0
v 58 0
v 59 0
v 60 0
v 61 6
v 62 0
v 63 0
v 64 3
v 65 0
v 66 0
v 67 3
v 68 0
v 69 3
v 70 0
v 71 0
v 72 0
v 73 0
v 74 3
v 75 0
v 76 3
v 77 0
e 0 1 1
e 0 2 1
e 1 3 0
e 4 1 0
e 5 1 0
e 6 1 0
e 7 1 0
e 8 1 0
e 9 1 0
e 10 1 0
e 3 11 1
e 12 3 0
e 11 13 0
e 11 14 1
e 13 15 0
e 13 16 0
e 13 17 1
e 13 17 1
e 18 16 3
e 19 16 3
e 17 20 0
e 17 21 0
e 17 22 0
e 17 23 0
e 23 24 1
e 22 25 2
e 22 26 2
e 26 27 2
e 4 26 0
e 28 26 0
e 29 26 0
e 27 30 2
e 31 27 0
e 30 32 2
e 30 33 0
e 33 34 2
e 35 30 0
e 36 30 0
e 31 30 0
e 32 37 2
e 38 32 0
e 39 32 0
e 40 32 0
e 41 32 0
e 42 32 0
e 43 32 0
e 37 44 2
e 37 45 2
e 45 46 2
e 47 45 0
e 46 48 2
e 49 46 0
e 50 46 0
e 51 46 0
e 48 52 2
e 53 48 0
e 52 54 2
e 55 52 0
e 56 52 0
e 57 52 0
e 58 52 0
e 54 59 2
e 54 60 2
e 54 61 1
e 60 62 2
e 60 63 2
e 62 64 5
e 62 65 2
e 62 66 2
e 65 67 5
e 65 66 0
e 65 68 5
e 66 69 5
e 63 70 0
e 63 71 0
e 72 71 7
e 28 73 0
e 28 63 1
e 70 30 0
e 74 13 7
e 74 75 3
e 76 17 7
e 76 77 3
e 69 68 3
t # 48
v 0 2
v 1 11
v 2 5
v 3 5
v 4 0
v 5 0
v 6 0
v 7 0
v 8 0
v 9 0
v 10 0
v 11 0
v 12 0
v 13 0
v 14 0
v 15 0
v 16 0
v 17 0
v 18 4
v 19 0
v 20 7
v 21 0
v 22 0
v 23 0
v 24 0
v 25 0
v 26 0
v 27 0
v 28 0
v 29 0
v 30 0
v 31 0
v 32 0
v 33 0
v 34 0
v 35 0
v 36 0
v 37 0
v 38 2
v 39 0
v 40 0
v 41 0
v 42 0
v 43 14
v 44 25
v 45 3
e 0 1 1
e 1 2 1
e 2 3 4
e 2 4 2
e 2 5 1
e 4 6 2
e 6 7 2
e 8 9 5
e 8 6 0
e 8 10 5
e 11 6 0
e 12 7 1
e 7 13 2
e 7 14 2
e 15 7 0
e 13 16 2
e 17 13 0
e 18 13 0
e 19 13 0
e 20 17 1
e 16 21 2
e 22 23 5
e 22 16 0
e 24 18 1
e 24 16 0
e 21 25 2
e 26 21 0
e 27 28 5
e 27 21 0
e 28 29 1
e 30 21 0
e 25 31 1
e 32 33 5
e 32 34 5
e 32 25 0
e 35 25 0
e 36 25 0
e 31 37 2
e 38 31 0
e 37 39 0
e 37 40 0
e 37 41 0
e 37 42 2
e 42 43 2
e 43 44 2
e 45 3 3
t # 49
v 0 14
v 1 1
v 2 1
v 3 1
v 4 14
v 5 5
v 6 3
v 7 0
v 8 0
v 9 0
v 10 4
v 11 0
v 12 0
v 13 0
v 14 0
v 15 6
v 16 0
v 17 7
v 18 0
v 19 0
v 20 5
v 21 3
v 22 0
v 23 0
v 24 0
v 25 0
v 26 0
v 27 0
v 28 4
v 29 6
v 30 0
v 31 0
v 32 0
v 33 0
v 34 0
v 35 0
v 36 5
v 37 0
e 0 1 0
e 0 2 0
e 0 3 0
e 0 4 0
e 0 5 0
e 1 2 2
e 1 6 5
e 5 7 4
e 5 8 2
e 7 5 3
e 9 5 3
e 10 5 3
e 11 8 2
e 8 12 2
e 8 13 2
e 14 13 0
e 15 13 1
e 12 16 2
e 17 12 1
e 16 18 1
e 19 20 7
e 19 21 5
e 19 22 2
e 19 16 3
e 20 23 6
e 23 20 7
e 24 22 2
e 25 24 0
e 22 26 0
e 26 27 2
e 28 26 0
e 10 26 0
e 29 26 1
e 30 26 1
e 27 31 2
e 28 27 0
e 31 32 2
e 33 31 0
e 32 34 0
e 32 35 2
e 32 36 2
e 19 36 3
e 36 19 8
e 36 37 1
e 21 20 7
t # 50
v 0 0
v 1 11
v 2 0
v 3 4
v 4 3
v 5 0
v 6 4
v 7 0
v 8 0
v 9 3
v 10 6
v 11 0
v 12 0
v 13 4
v 14 2
v 15 6
v 16 0
v 17 0
v 18 0
v 19 0
v 20 6
v 21 0
v 22 4
v 23 0
v 24 0
v 25 0
v 26 0
v 27 0
v 28 0
v 29 0
v 30 0
v 31 0
v 32 0
v 33 0
v 34 8
v 35 0
v 36 0
v 37 0
v 38 15
v 39 0
v 40 6
v 41 7
v 42 0
v 43 0
v 44 0
v 45 2
v 46 2
v 47 3
v 48 18
e 0 1 1
e 0 2 2
e 3 4 5
e 3 0 0
e 5 0 0
e 6 0 0
e 2 7 5
e 2 8 2
e 2 9 5
e 2 10 1
e 7 10 1
e 11 12 0
e 11 13 0
e 11 2 1
e 11 7 1
e 14 15 0
e 14 2 2
e 8 16 2
e 17 8 0
e 18 8 0
e 19 8 0
e 20 8 1
e 16 21 2
e 22 16 0
e 23 16 0
e 24 16 0
e 25 16 0
e 26 16 0
e 21 27 2
e 28 21 0
e 27 29 2
e 30 27 0
e 30 31 0
e 32 33 0
e 32 29 0
e 32 34 0
e 32 35 0
e 33 34 2
e 36 34 0
e 36 35 7
e 35 37 2
e 37 38 0
e 37 39 2
e 40 38 1
e 41 38 1
e 39 42 0
e 39 43 5
e 39 44 1
e 44 45 0
e 44 46 0
e 44 47 5
e 48 44 0
t # 51
v 0 0
v 1 0
v 2 0
v 3 0
v 4 0
v 5 0
v 6 4
v 7 4
v 8 4
v 9 4
v 10 4
v 11 0
v 12 3
v 13 0
v 14 0
v 15 0
v 16 0
v 17 0
v 18 0
v 19 5
v 20 6
v 21 4
v 22 0
v 23 0
v 24 4
v 25 0
v 26 0
v 27 0
v 28 0
v 29 0
v 30 0
v 31 0
v 32 0
v 33 0
v 34 0
v 35 0
v 36 0
v 37 0
v 38 0
v 39 0
v 40 0
v 41 0
v 42 0
v 43 0
v 44 0
v 45 0
v 46 0
v 47 0
v 48 0
v 49 0
v 50 0
v 51 0
v 52 0
v 53 0
v 54 0
v 55 0
v 56 0
v 57 0
v 58 0
v 59 0
v 60 0
v 61 0
v 62 0
v 63 0
v 64 0
v 65 0
v 66 0
v 67 0
v 68 0
v 69 0
v 70 0
v 71 0
v 72 0
v 73 0
v 74 0
v 75 6
v 76 0
v 77 0
v 78 0
v 79 0
v 80 0
v 81 0
v 82 6
v 83 16
v 84 10
v 85 3
e 0 1 5
e 1 2 5
e 3 4 1
e 3 2 1
e 4 5 2
e 6 4 0
e 7 4 0
e 8 4 0
e 9 4 0
e 10 4 0
e 11 12 5
e 5 13 0
e 5 14 0
e 5 15 0
e 5 16 0
e 5 17 0
e 5 18 0
e 19 18 5
e 20 13 0
e 21 15 0
e 21 22 5
e 14 23 1
e 24 17 5
e 17 25 2
e 25 26 0
e 25 27 2
e 26 18 0
e 26 28 0
e 29 26 0
e 30 26 0
e 27 31 2
e 32 33 2
e 32 34 2
e 32 31 2
e 31 35 1
e 35 36 0
e 35 37 2
e 35 38 0
e 37 39 0
e 37 40 5
e 37 41 0
e 37 42 0
e 37 43 0
e 37 44 0
e 37 45 0
e 39 46 0
e 39 47 0
e 39 48 0
e 44 49 0
e 44 50 0
e 44 51 0
e 41 52 0
e 41 53 5
e 42 54 0
e 42 55 0
e 42 56 0
e 42 50 0
e 43 31 0
e 43 47 0
e 43 48 0
e 40 57 0
e 40 58 0
e 40 59 0
e 40 60 0
e 40 32 0
e 40 61 0
e 62 32 5
e 61 63 0
e 61 64 0
e 61 65 0
e 61 66 0
e 61 67 0
e 57 68 0
e 57 69 0
e 57 70 0
e 58 71 1
e 58 72 0
e 58 73 0
e 60 74 1
e 59 75 0
e 59 76 2
e 59 70 2
e 70 75 0
e 76 77 5
e 76 78 2
e 76 79 5
e 78 80 2
e 80 81 2
e 81 32 1
e 81 82 1
e 83 78 5
e 84 80 0
e 85 81 7
t # 52
v 0 0
v 1 0
v 2 6
v 3 0
v 4 0
v 5 0
v 6 0
v 7 0
v 8 0
v 9 0
v 10 0
v 11 0
v 12 0
v 13 0
v 14 0
v 15 0
v 16 0
v 17 0
v 18 0
v 19 0
v 20 0
v 21 0
v 22 0
v 23 0
v 24 0
v 25 10
e 0 1 0
e 0 2 1
e 3 0 0
e 1 4 2
e 1 3 1
e 1 5 2
e 1 6 0
e 1 7 2
e 1 8 2
e 1 9 5
e 3 7 0
e 7 5 2
e 10 5 3
e 4 11 1
e 12 8 2
e 8 13 1
e 13 14 1
e 13 15 1
e 13 16 1
e 17 15 2
e 18 15 2
e 16 19 2
e 20 16 0
e 19 21 2
e 14 22 2
e 14 21 2
e 22 23 0
e 22 24 0
e 23 24 2
e 25 8 0
t # 53
v 0 0
v 1 0
v 2 0
v 3 0
v 4 0
v 5 0
v 6 0
v 7 0
v 8 0
v 9 0
v 10 0
v 11 4
v 12 2
v 13 0
v 14 2
v 15 0
v 16 0
v 17 0
v 18 0
v 19 8
v 20 0
v 21 0
v 22 0
v 23 0
v 24 5
v 25 0
v 26 0
v 27 13
v 28 0
v 29 0
v 30 0
v 31 0
v 32 0
v 33 6
v 34 0
v 35 0
v 36 0
v 37 0
v 38 0
v 39 0
v 40 0
v 41 0
v 42 0
v 43 8
v 44 0
v 45 0
v 46 0
v 47 0
v 48 0
v 49 0
v 50 0
v 51 0
v 52 0
v 53 5
v 54 0
v 55 0
v 56 0
v 57 0
v 58 0
v 59 5
v 60 0
v 61 5
v 62 0
v 63 0
v 64 0
v 65 0
v 66 0
v 67 0
v 68 0
v 69 0
v 70 0
v 71 3
v 72 0
v 73 0
v 74 0
v 75 0
v 76 0
v 77 10
v 78 0
v 79 0
v 80 0
v 81 0
v 82 0
v 83 0
v 84 0
v 85 6
v 86 3
v 87 3
v 88 3
v 89 3
v 90 27
v 91 3
v 92 3
v 93 0
e 0 1 1
e 2 3 2
e 2 0 2
e 2 4 2
e 3 5 1
e 3 6 1
e 4 7 1
e 4 8 2
e 8 9 5
e 8 10 1
e 10 11 1
e 10 12 1
e 12 13 1
e 12 14 1
e 14 15 1
e 14 16 1
e 14 17 1
e 13 18 1
e 13 19 2
e 13 20 5
e 21 22 0
e 21 19 0
e 18 23 1
e 18 15 0
e 18 24 0
e 24 25 4
e 26 15 0
e 23 27 1
e 23 28 1
e 23 29 2
e 29 30 2
e 29 31 0
e 29 32 0
e 29 33 1
e 29 34 1
e 35 29 0
e 36 29 0
e 37 29 0
e 38 29 0
e 39 29 0
e 34 40 1
e 34 41 1
e 34 42 1
e 42 43 1
e 30 44 2
e 45 30 0
e 44 46 1
e 47 44 0
e 48 44 0
e 45 44 0
e 49 44 0
e 50 44 0
e 46 51 1
e 51 52 1
e 52 53 2
e 52 54 0
e 55 52 0
e 53 56 4
e 53 57 4
e 53 58 4
e 53 59 1
e 53 60 1
e 57 53 3
e 58 53 3
e 59 25 6
e 25 59 7
e 56 53 3
e 61 56 8
e 60 62 1
e 62 63 1
e 62 64 5
e 17 62 0
e 65 62 0
e 66 62 0
e 67 62 0
e 68 62 0
e 69 62 0
e 70 62 0
e 63 15 2
e 15 71 1
e 15 72 1
e 15 73 0
e 73 74 0
e 73 75 0
e 72 76 0
e 72 77 2
e 78 77 0
e 79 80 1
e 81 82 0
e 83 84 1
e 83 85 1
e 86 7 7
e 87 9 5
e 88 12 5
e 89 90 5
e 91 61 7
e 92 73 5
e 77 85 1
e 77 93 1
e 77 79 0
e 77 82 0
t # 54
v 0 0
v 1 4
v 2 0
v 3 0
v 4 0
v 5 0
v 6 0
v 7 28
v 8 6
v 9 6
v 10 29
v 11 6
v 12 29
v 13 6
v 14 0
v 15 0
v 16 0
v 17 0
v 18 0
v 19 0
v 20 0
v 21 0
v 22 0
v 23 0
v 24 0
v 25 4
v 26 0
v 27 10
v 28 0
v 29 0
v 30 3
v 31 0
v 32 0
v 33 0
v 34 0
v 35 0
v 36 0
v 37 8
v 38 0
v 39 0
v 40 0
v 41 0
v 42 0
v 43 0
v 44 4
v 45 0
v 46 6
v 47 0
v 48 0
v 49 0
v 50 0
v 51 4
v 52 0
v 53 0
v 54 0
v 55 0
v 56 0
v 57 0
v 58 0
v 59 0
v 60 0
v 61 6
v 62 0
v 63 5
v 64 0
v 65 0
v 66 0
v 67 0
v 68 0
v 69 0
v 70 0
v 71 0
v 72 0
v 73 0
v 74 10
v 75 10
v 76 3
e 0 1 1
e 0 2 1
e 0 3 1
e 0 4 2
e 5 0 0
e 6 0 2
e 6 7 2
e 6 8 1
e 8 9 1
e 8 10 1
e 10 11 1
e 10 12 1
e 13 11 1
e 13 14 2
e 14 11 0
e 4 15 1
e 4 16 2
e 17 4 0
e 18 4 0
e 19 4 0
e 16 20 1
e 16 21 0
e 16 22 2
e 5 16 0
e 20 16 0
e 23 16 0
e 24 16 0
e 1 21 0
e 25 21 0
e 22 26 2
e 22 27 2
e 22 28 2
e 26 29 0
e 29 30 5
e 31 32 0
e 33 34 2
e 35 33 0
e 34 36 2
e 36 37 0
e 36 38 2
e 39 36 0
e 38 40 0
e 41 40 0
e 42 36 0
e 37 43 2
e 44 37 0
e 43 45 2
e 43 46 1
e 1 43 0
e 1 47 0
e 47 43 2
e 48 43 0
e 49 43 0
e 50 43 0
e 51 43 0
e 52 43 0
e 53 43 0
e 46 54 1
e 45 55 2
e 56 45 0
e 55 57 0
e 55 58 2
e 59 55 2
e 58 60 2
e 56 58 0
e 61 58 1
e 60 62 5
e 60 63 1
e 26 64 0
e 63 26 9
e 63 65 1
e 65 66 2
e 67 65 0
e 68 65 0
e 69 65 0
e 70 65 0
e 71 65 0
e 66 72 1
e 72 73 5
e 74 6 0
e 27 32 0
e 27 33 0
e 75 64 0
e 76 66 7
e 76 14 3
t # 55
v 0 11
v 1 4
v 2 0
v 3 0
v 4 0
v 5 0
v 6 0
v 7 0
v 8 0
v 9 0
v 10 4
v 11 0
v 12 6
v 13 6
v 14 0
v 15 4
v 16 0
e 0 1 1
e 1 2 0
e 2 3 2
e 2 4 0
e 2 5 0
e 2 6 0
e 7 2 0
e 6 8 5
e 9 6 0
e 10 11 0
e 10 6 0
e 11 12 1
e 11 8 3
e 11 13 1
e 11 6 3
e 3 14 2
e 15 3 0
e 15 14 7
e 14 16 2
e 3 16 1
t # 56
v 0 6
v 1 0
v 2 0
v 3 0
v 4 0
v 5 0
v 6 11
v 7 0
v 8 0
v 9 0
v 10 0
v 11 0
v 12 0
v 13 0
v 14 0
v 15 0
v 16 0
v 17 0
v 18 0
v 19 0
v 20 6
v 21 0
v 22 18
v 23 0
v 24 10
e 0 1 1
e 1 2 2
e 1 3 2
e 1 4 2
e 2 5 2
e 2 6 5
e 5 7 0
e 5 8 2
e 9 5 0
e 10 5 0
e 10 11 5
e 11 12 5
e 11 13 5
e 8 14 2
e 15 14 0
e 16 14 0
e 14 17 2
e 14 18 1
e 17 19 2
e 20 17 1
e 19 21 0
e 19 22 5
e 19 23 5
e 24 21 0
t # 57
v 0 2
v 1 11
v 2 2
v 3 11
v 4 0
v 5 6
v 6 0
v 7 0
v 8 0
v 9 5
v 10 0
v 11 0
v 12 0
v 13 0
v 14 0
v 15 4
v 16 0
v 17 0
v 18 0
v 19 0
v 20 0
v 21 0
v 22 7
v 23 7
v 24 0
v 25 0
v 26 0
v 27 0
v 28 0
v 29 0
v 30 0
v 31 0
v 32 0
v 33 0
v 34 0
v 35 0
v 36 0
v 37 0
v 38 0
v 39 0
v 40 0
v 41 0
v 42 0
v 43 0
v 44 0
v 45 7
v 46 0
v 47 0
v 48 0
v 49 0
v 50 0
v 51 3
v 52 3
v 53 16
v 54 16
v 55 3
e 0 1 1
e 0 2 1
e 0 3 1
e 2 4 1
e 5 6 2
e 5 7 1
e 4 8 2
e 9 4 0
e 8 10 2
e 11 8 0
e 12 8 0
e 13 8 0
e 14 8 0
e 15 8 0
e 10 16 0
e 10 17 2
e 10 18 0
e 10 19 0
e 20 10 0
e 21 10 0
e 18 22 1
e 18 23 1
e 17 24 1
e 17 25 2
e 26 17 0
e 27 17 0
e 28 17 0
e 24 29 1
e 30 17 0
e 31 30 0
e 25 32 2
e 33 32 2
e 32 34 5
e 32 35 2
e 35 36 2
e 35 37 2
e 35 38 5
e 38 39 1
e 36 40 1
e 37 41 2
e 42 37 0
e 41 43 2
e 41 44 0
e 44 45 1
e 46 44 0
e 43 47 2
e 47 48 2
e 48 49 1
e 49 50 1
e 51 2 7
e 52 7 7
e 53 36 1
e 54 36 1
e 55 50 7
t # 58
v 0 11
v 1 0
v 2 0
v 3 0
v 4 4
v 5 0
v 6 0
v 7 0
v 8 0
v 9 0
v 10 0
v 11 0
v 12 6
v 13 0
v 14 0
v 15 4
v 16 8
v 17 0
v 18 0
v 19 4
v 20 0
v 21 0
v 22 0
v 23 18
e 0 1 1
e 1 2 5
e 3 1 3
e 3 4 1
e 4 1 0
e 2 5 1
e 2 6 1
e 2 7 0
e 2 8 2
e 9 2 0
e 7 10 0
e 11 7 0
e 12 10 1
e 8 13 2
e 14 8 0
e 15 8 0
e 13 16 2
e 13 17 2
e 16 18 1
e 19 16 0
e 20 16 0
e 18 21 5
e 17 22 5
e 23 16 0
e 23 18 0
t # 59
v 0 0
v 1 0
v 2 0
v 3 4
v 4 0
v 5 0
v 6 0
v 7 0
v 8 0
v 9 0
v 10 0
v 11 0
v 12 0
v 13 4
v 14 4
v 15 0
v 16 0
v 17 0
v 18 7
v 19 0
v 20 0
v 21 0
v 22 0
v 23 0
v 24 0
v 25 4
v 26 0
v 27 4
v 28 0
v 29 0
v 30 0
v 31 0
v 32 0
v 33 0
v 34 0
v 35 0
v 36 0
v 37 0
v 38 0
v 39 0
v 40 0
v 41 0
v 42 0
v 43 0
v 44 0
v 45 0
v 46 0
v 47 0
v 48 0
v 49 0
v 50 0
v 51 0
v 52 0
v 53 4
v 54 4
v 55 0
v 56 0
v 57 4
v 58 10
e 0 1 3
e 2 0 0
e 3 1 0
e 1 4 2
e 5 1 0
e 6 1 2
e 7 6 0
e 8 1 2
e 9 1 2
e 4 10 2
e 4 11 1
e 10 12 2
e 13 10 0
e 13 14 1
e 12 15 5
e 12 16 2
e 17 12 0
e 17 18 1
e 17 19 1
e 20 16 0
e 16 21 2
e 22 16 0
e 21 23 2
e 24 21 0
e 25 21 0
e 26 21 0
e 27 21 0
e 23 28 2
e 14 23 1
e 28 29 2
e 28 30 0
e 31 28 0
e 31 30 0
e 29 32 2
e 29 33 2
e 33 34 2
e 35 33 0
e 34 36 2
e 34 37 2
e 38 34 0
e 39 34 0
e 40 36 0
e 41 36 0
e 42 36 0
e 37 43 2
e 43 44 2
e 45 43 0
e 46 43 0
e 47 43 0
e 44 48 2
e 48 49 2
e 48 50 1
e 49 51 5
e 52 49 0
e 53 54 1
e 53 49 0
e 53 55 1
e 55 56 1
e 57 56 0
e 57 56 0
e 58 10 0
t # 60
v 0 0
v 1 0
v 2 0
v 3 0
v 4 4
v 5 0
v 6 0
v 7 4
v 8 0
v 9 0
v 10 0
v 11 0
v 12 0
v 13 0
v 14 4
v 15 4
v 16 0
v 17 0
v 18 0
v 19 0
v 20 0
v 21 4
v 22 4
v 23 0
v 24 0
v 25 0
v 26 0
v 27 0
v 28 0
v 29 4
v 30 0
v 31 0
v 32 0
v 33 0
v 34 4
v 35 0
v 36 4
v 37 4
v 38 0
v 39 0
v 40 0
v 41 0
v 42 0
v 43 18
v 44 3
v 45 3
e 0 1 0
e 2 3 3
e 2 1 1
e 2 4 1
e 3 5 2
e 3 6 0
e 7 6 0
e 8 6 0
e 5 9 2
e 5 10 0
e 5 11 0
e 12 5 0
e 13 5 0
e 14 5 0
e 15 5 0
e 10 16 0
e 10 17 0
e 10 18 0
e 10 19 0
e 9 20 2
e 21 9 0
e 22 9 0
e 23 9 0
e 24 9 0
e 25 24 1
e 20 26 2
e 27 20 0
e 27 28 5
e 28 29 5
e 26 30 0
e 26 31 2
e 32 26 0
e 31 33 2
e 34 31 0
e 35 33 0
e 33 36 0
e 33 37 0
e 33 38 2
e 38 39 1
e 38 40 2
e 40 41 2
e 42 43 3
e 42 41 2
e 44 1 3
e 45 13 7
t # 61
v 0 2
v 1 2
v 2 2
v 3 2
v 4 2
v 5 0
v 6 0
v 7 0
v 8 0
v 9 0
v 10 4
v 11 5
v 12 0
v 13 4
v 14 0
v 15 0
v 16 0
v 17 0
v 18 0
v 19 0
v 20 0
v 21 6
v 22 0
v 23 0
v 24 0
v 25 0
v 26 4
v 27 0
v 28 4
v 29 7
v 30 8
v 31 0
v 32 0
v 33 0
v 34 4
v 35 0
v 36 4
v 37 7
v 38 0
v 39 0
v 40 0
v 41 0
v 42 0
v 43 0
v 44 0
v 45 6
v 46 6
v 47 0
v 48 13
v 49 0
v 50 7
v 51 4
v 52 0
v 53 6
v 54 0
v 55 4
v 56 0
v 57 0
v 58 0
v 59 0
v 60 0
v 61 4
v 62 4
v 63 6
v 64 0
v 65 0
v 66 0
v 67 0
v 68 7
v 69 0
v 70 0
v 71 5
v 72 0
v 73 0
v 74 0
v 75 3
v 76 3
e 0 1 1
e 0 2 1
e 0 3 1
e 0 4 1
e 2 5 1
e 6 7 0
e 7 8 2
e 9 7 0
e 9 10 0
e 9 11 1
e 9 7 0
e 9 11 1
e 9 12 0
e 9 7 0
e 9 13 0
e 9 11 1
e 14 6 5
e 15 8 0
e 8 16 2
e 17 8 0
e 17 18 1
e 19 20 5
e 19 21 1
e 19 8 1
e 21 22 1
e 23 8 1
e 24 23 5
e 25 8 0
e 26 8 0
e 16 27 2
e 28 29 1
e 28 16 0
e 27 30 2
e 30 31 2
e 32 30 0
e 31 33 2
e 34 31 0
e 34 35 1
e 36 34 1
e 36 31 0
e 33 37 1
e 33 38 2
e 39 33 0
e 40 38 2
e 38 41 1
e 38 42 1
e 38 31 2
e 38 43 1
e 38 44 2
e 41 45 1
e 45 46 1
e 43 47 1
e 48 43 2
e 49 43 0
e 49 50 1
e 49 51 1
e 49 25 1
e 31 52 2
e 31 53 1
e 54 55 1
e 54 31 0
e 56 53 1
e 53 57 1
e 57 58 1
e 57 59 5
e 52 60 2
e 60 61 1
e 60 62 1
e 60 63 1
e 60 64 2
e 65 63 1
e 64 66 2
e 64 67 1
e 67 68 1
e 66 69 1
e 66 70 0
e 66 71 0
e 71 9 6
e 71 23 1
e 71 72 1
e 71 73 1
e 70 74 0
e 13 74 0
e 12 74 0
e 75 6 7
e 75 5 3
e 76 14 7
e 76 11 3
t # 62
v 0 0
v 1 0
v 2 4
v 3 0
v 4 0
v 5 4
v 6 0
v 7 0
v 8 4
v 9 0
v 10 0
v 11 0
v 12 0
v 13 0
v 14 0
v 15 0
v 16 0
v 17 3
e 0 1 0
e 2 0 0
e 2 3 0
e 2 4 1
e 3 5 5
e 3 6 5
e 1 7 2
e 8 1 0
e 7 9 2
e 10 7 0
e 9 11 2
e 9 12 2
e 12 13 0
e 12 14 0
e 15 16 1
e 15 12 7
e 17 2 3
e 17 0 7
t # 63
v 0 2
v 1 0
v 2 14
v 3 2
v 4 0
v 5 0
v 6 0
v 7 0
v 8 0
v 9 0
v 10 4
v 11 4
v 12 0
v 13 0
v 14 0
v 15 16
v 16 0
v 17 0
v 18 0
v 19 0
v 20 0
v 21 0
v 22 0
v 23 0
v 24 3
v 25 0
v 26 0
v 27 4
v 28 7
v 29 0
v 30 4
v 31 0
v 32 7
v 33 4
v 34 4
v 35 0
v 36 0
v 37 0
v 38 0
v 39 0
v 40 0
v 41 0
v 42 0
v 43 0
v 44 0
v 45 0
v 46 0
v 47 0
v 48 4
v 49 0
v 50 0
v 51 0
v 52 0
v 53 6
v 54 0
v 55 3
v 56 0
v 57 0
v 58 0
v 59 0
v 60 2
v 61 2
v 62 2
v 63 2
v 64 3
v 65 3
v 66 3
e 0 1 0
e 0 2 0
e 0 3 0
e 1 4 5
e 1 5 5
e 6 1 0
e 6 4 0
e 5 7 1
e 5 8 5
e 5 9 2
e 9 10 5
e 9 11 2
e 11 12 1
e 7 13 5
e 7 14 2
e 14 15 2
e 6 14 7
e 16 15 3
e 17 18 2
e 19 17 0
e 20 18 3
e 18 21 2
e 21 22 2
e 21 23 2
e 22 24 5
e 23 25 0
e 23 26 0
e 27 23 2
e 26 28 1
e 26 29 1
e 30 26 0
e 29 31 1
e 31 32 1
e 31 33 1
e 31 34 1
e 34 35 5
e 36 32 0
e 33 37 1
e 25 38 2
e 25 39 1
e 17 25 2
e 38 40 2
e 41 38 0
e 41 19 1
e 19 38 0
e 40 42 2
e 43 40 2
e 42 44 0
e 42 45 0
e 42 46 7
e 42 47 1
e 45 48 2
e 45 48 2
e 48 49 7
e 44 50 2
e 51 50 0
e 42 46 7
e 42 52 2
e 46 53 1
e 46 54 2
e 52 55 5
e 52 56 5
e 54 57 2
e 57 58 1
e 57 59 1
e 60 61 0
e 60 62 0
e 60 63 0
e 58 60 2
e 15 17 2
e 64 23 7
e 64 27 3
e 65 40 7
e 65 43 3
e 66 46 7
e 66 42 3
e 55 54 7
t # 64
v 0 2
v 1 0
v 2 6
v 3 6
v 4 0
v 5 0
v 6 4
v 7 4
v 8 4
v 9 0
v 10 0
v 11 0
v 12 0
v 13 0
v 14 0
v 15 0
v 16 0
v 17 0
v 18 0
v 19 0
v 20 4
v 21 4
v 22 6
v 23 0
v 24 0
v 25 6
v 26 0
v 27 4
v 28 13
v 29 0
v 30 0
v 31 0
v 32 0
v 33 0
v 34 4
v 35 4
v 36 0
v 37 0
v 38 0
v 39 0
v 40 0
v 41 0
v 42 6
v 43 6
v 44 0
v 45 0
v 46 0
v 47 0
v 48 4
v 49 4
v 50 13
v 51 0
v 52 4
v 53 0
v 54 0
v 55 0
v 56 6
v 57 0
v 58 0
v 59 0
v 60 0
v 61 0
v 62 0
v 63 13
v 64 0
v 65 0
v 66 4
v 67 5
v 68 10
v 69 0
v 70 0
v 71 0
v 72 4
v 73 0
v 74 4
v 75 0
v 76 0
v 77 3
v 78 3
v 79 3
v 80 10
v 81 3
v 82 3
e 0 1 1
e 0 2 1
e 1 3 1
e 1 4 2
e 5 1 0
e 6 4 0
e 7 4 0
e 7 8 1
e 9 10 0
e 9 11 0
e 9 12 2
e 9 13 0
e 14 9 0
e 15 9 0
e 16 17 5
e 18 9 0
e 18 16 0
e 19 13 1
e 20 13 0
e 21 9 0
e 22 9 1
e 23 10 1
e 23 7 1
e 7 24 5
e 25 9 1
e 25 26 1
e 26 27 5
e 11 28 1
e 29 30 1
e 30 9 0
e 30 31 5
e 30 32 1
e 33 9 0
e 33 34 5
e 33 35 5
e 36 9 0
e 36 37 1
e 37 38 5
e 38 39 1
e 40 9 0
e 41 9 0
e 12 42 1
e 12 43 1
e 12 44 2
e 45 12 2
e 46 12 0
e 47 18 5
e 47 48 5
e 47 49 5
e 47 50 1
e 47 12 0
e 47 51 5
e 49 52 5
e 49 53 5
e 54 12 0
e 18 44 0
e 44 55 2
e 55 56 1
e 55 57 2
e 55 58 2
e 59 55 0
e 60 55 0
e 56 61 1
e 62 57 1
e 63 57 0
e 58 64 0
e 58 65 2
e 66 64 0
e 8 64 0
e 7 64 0
e 67 68 7
e 65 69 2
e 65 70 0
e 71 72 5
e 72 73 5
e 73 74 5
e 69 75 2
e 76 75 0
e 77 1 7
e 78 4 7
e 79 9 7
e 80 12 0
e 81 58 7
e 68 65 0
e 82 69 7
t # 65
v 0 0
v 1 0
v 2 14
v 3 0
v 4 0
v 5 0
v 6 0
v 7 0
v 8 8
v 9 0
v 10 0
v 11 0
v 12 5
v 13 0
v 14 0
v 15 3
e 0 1 1
e 0 2 0
e 0 3 0
e 4 3 0
e 5 3 0
e 1 6 1
e 1 7 1
e 1 8 0
e 8 9 2
e 7 10 0
e 7 11 2
e 7 12 2
e 7 13 2
e 12 0 6
e 0 12 7
e 13 14 2
e 15 0 5
t # 66
v 0 0
v 1 3
v 2 0
v 3 14
v 4 0
v 5 0
v 6 0
v 7 4
v 8 5
v 9 0
v 10 4
e 0 1 5
e 0 2 0
e 0 3 0
e 2 4 2
e 5 2 0
e 4 6 2
e 7 4 0
e 6 8 2
e 6 9 2
e 8 0 6
e 0 8 7
e 10 9 0
t # 67
v 0 2
v 1 0
v 2 25
v 3 0
v 4 0
v 5 0
v 6 0
v 7 4
v 8 0
v 9 0
v 10 0
v 11 13
v 12 0
v 13 12
v 14 0
v 15 0
v 16 0
v 17 0
v 18 0
v 19 0
v 20 5
v 21 0
v 22 0
v 23 4
v 24 0
v 25 0
v 26 0
v 27 0
v 28 0
v 29 0
v 30 0
v 31 3
e 0 1 0
e 2 0 1
e 1 3 0
e 4 5 5
e 4 6 5
e 4 1 1
e 4 7 5
e 7 8 5
e 7 9 5
e 10 3 0
e 3 11 2
e 3 12 1
e 13 11 0
e 11 14 2
e 11 15 1
e 5 13 1
e 16 15 0
e 16 17 1
e 17 18 5
e 14 19 1
e 19 20 0
e 19 21 1
e 20 22 2
e 23 20 3
e 24 22 0
e 25 26 0
e 25 27 0
e 28 27 0
e 29 27 0
e 30 21 1
e 31 14 3
t # 68
v 0 0
v 1 14
v 2 4
v 3 0
v 4 4
v 5 0
v 6 0
v 7 0
v 8 0
v 9 0
v 10 0
v 11 0
v 12 0
v 13 8
e 0 1 2
e 2 3 2
e 3 4 1
e 3 5 2
e 3 6 1
e 7 5 1
e 8 5 1
e 9 1 2
e 9 10 0
e 11 9 0
e 10 12 0
e 10 13 0
t # 69
v 0 4
v 1 0
v 2 0
v 3 0
v 4 14
v 5 0
v 6 0
v 7 0
v 8 0
v 9 5
v 10 0
v 11 0
v 12 0
v 13 0
v 14 0
v 15 0
v 16 3
v 17 3
e 0 1 0
e 0 2 0
e 0 3 0
e 0 4 1
e 2 1 1
e 3 5 2
e 3 6 5
e 3 7 2
e 3 8 2
e 9 6 4
e 6 9 3
e 10 7 0
e 8 11 1
e 8 12 2
e 8 13 1
e 12 14 1
e 12 15 5
e 14 16 5
e 17 5 7
e 17 9 3
t # 70
v 0 0
v 1 14
v 2 0
v 3 0
v 4 0
v 5 0
v 6 0
v 7 0
v 8 0
v 9 4
v 10 0
v 11 0
v 12 30
v 13 2
v 14 2
v 15 2
v 16 2
v 17 3
v 18 18
e 0 1 0
e 0 2 0
e 0 3 0
e 4 0 0
e 5 2 1
e 6 2 1
e 3 7 2
e 8 3 0
e 9 3 0
e 10 3 0
e 7 11 7
e 12 13 2
e 12 14 2
e 15 13 2
e 15 14 2
e 16 13 2
e 16 14 2
e 8 13 0
e 8 14 0
e 17 0 3
e 18 15 0
e 18 16 0
e 18 7 2
e 18 12 0
t # 71
v 0 9
v 1 2
v 2 3
v 3 0
v 4 11
v 5 11
v 6 11
v 7 10
v 8 9
v 9 31
v 10 2
v 11 2
v 12 0
v 13 0
v 14 0
v 15 6
v 16 0
v 17 0
v 18 6
v 19 0
v 20 0
v 21 0
v 22 0
v 23 0
v 24 4
v 25 0
v 26 0
v 27 0
v 28 0
v 29 0
v 30 0
v 31 0
v 32 0
v 33 0
v 34 5
v 35 0
v 36 2
v 37 2
v 38 3
e 0 1 1
e 0 2 3
e 0 3 0
e 0 4 1
e 1 5 0
e 1 6 0
e 1 7 3
e 1 8 0
e 1 9 0
e 1 10 0
e 1 11 0
e 3 12 2
e 13 3 0
e 14 15 0
e 14 3 0
e 16 15 0
e 16 3 0
e 17 3 0
e 18 3 1
e 12 19 0
e 12 20 2
e 21 12 0
e 21 22 5
e 22 12 0
e 23 12 0
e 24 12 0
e 19 25 2
e 20 26 2
e 27 20 0
e 26 28 2
e 26 29 2
e 26 30 2
e 29 31 2
e 32 29 0
e 31 33 2
e 31 34 2
e 35 31 0
e 34 11 6
e 11 34 7
e 36 0 0
e 36 37 2
e 38 33 7
t # 72
v 0 0
v 1 0
v 2 14
v 3 0
v 4 0
v 5 0
v 6 2
v 7 4
v 8 0
v 9 0
v 10 0
v 11 0
v 12 0
v 13 0
v 14 2
v 15 3
v 16 18
v 17 10
v 18 0
v 19 18
e 0 1 0
e 0 2 0
e 1 3 3
e 4 5 0
e 4 2 2
e 4 6 1
e 7 4 0
e 7 3 3
e 5 8 0
e 5 9 0
e 5 10 2
e 10 11 2
e 10 12 5
e 1 10 0
e 13 11 0
e 6 14 5
e 15 4 7
e 15 7 3
e 16 10 0
e 17 11 0
e 17 18 0
e 19 17 0
t # 73
v 0 0
v 1 0
v 2 14
v 3 4
v 4 0
v 5 0
v 6 0
v 7 0
v 8 0
v 9 0
v 10 8
v 11 4
v 12 3
v 13 0
e 0 1 2
e 0 2 2
e 3 0 0
e 1 4 0
e 1 5 0
e 6 1 0
e 7 4 0
e 8 4 0
e 5 9 0
e 7 9 0
e 7 5 0
e 9 10 0
e 11 9 0
e 12 1 7
e 12 13 3
t # 74
v 0 0
v 1 14
v 2 0
v 3 0
v 4 0
e 0 1 2
e 0 2 0
e 2 1 2
e 3 2 3
e 4 2 2
t # 75
v 0 0
v 1 0
v 2 0
v 3 0
v 4 4
v 5 14
v 6 4
v 7 0
v 8 6
v 9 3
v 10 10
e 0 1 2
e 0 2 5
e 0 3 2
e 0 4 2
e 0 5 2
e 0 1 2
e 6 0 0
e 7 8 1
e 7 0 0
e 7 9 5
e 3 10 2
e 10 1 0
t # 76
v 0 0
v 1 14
v 2 0
v 3 0
v 4 2
v 5 2
v 6 2
v 7 3
v 8 2
v 9 0
v 10 2
v 11 2
e 0 1 2
e 2 0 0
e 3 0 0
e 4 5 1
e 4 0 2
e 6 4 0
e 6 7 5
e 8 9 0
e 9 4 2
e 10 9 3
e 11 0 0
t # 77
v 0 0
v 1 0
v 2 14
v 3 0
v 4 0
v 5 4
v 6 0
v 7 0
v 8 0
v 9 0
v 10 14
v 11 0
v 12 25
v 13 0
v 14 10
e 0 1 0
e 0 2 2
e 3 4 1
e 3 1 0
e 4 1 0
e 0 5 0
e 0 6 0
e 6 7 0
e 3 6 0
e 7 8 5
e 5 4 5
e 5 4 1
e 4 9 1
e 4 10 1
e 4 11 1
e 10 12 2
e 10 0 2
e 0 13 5
e 13 4 0
e 14 5 0
t # 78
v 0 2
v 1 0
v 2 4
v 3 0
v 4 0
v 5 0
v 6 4
v 7 0
v 8 0
v 9 0
v 10 0
v 11 0
v 12 0
v 13 0
v 14 0
v 15 0
v 16 0
v 17 0
v 18 0
v 19 6
v 20 0
v 21 0
v 22 0
e 0 1 1
e 1 2 1
e 3 4 2
e 3 0 2
e 5 3 0
e 6 3 0
e 4 7 2
e 8 4 0
e 8 9 5
e 8 10 5
e 7 11 2
e 12 7 0
e 12 13 5
e 14 7 0
e 14 15 5
e 14 16 5
e 17 11 0
e 11 18 2
e 11 19 2
e 1 18 0
e 1 20 1
e 18 21 2
e 21 22 2
t # 79
v 0 1
v 1 0
v 2 14
v 3 3
v 4 0
v 5 0
v 6 0
v 7 0
v 8 0
v 9 1
v 10 0
v 11 0
v 12 0
v 13 4
v 14 5
v 15 4
v 16 0
v 17 6
v 18 0
v 19 0
v 20 0
e 0 1 0
e 0 2 0
e 0 3 5
e 1 4 2
e 5 1 0
e 6 1 0
e 7 1 2
e 8 1 2
e 4 9 0
e 4 10 2
e 4 11 0
e 4 12 0
e 12 13 5
e 10 14 2
e 15 10 0
e 16 10 0
e 16 17 1
e 18 17 1
e 19 14 3
e 19 20 0
e 14 19 4
t # 80
v 0 0
v 1 6
v 2 0
e 0 1 1
e 0 2 0
